1 0.004065937330956439 0.4256260647467993 0.1764672390622044 0.14422280538755766 0.345203638296897 0.14071427303943393 0.48621304497097545 0.13081452230580912 0.5919571984733917 0.13061510200119106 0.6681514354800834 0.12909473264752822 0.7232081760033132 0.1288085957186085 0.9167021063761591 0.11880661530771434 1 0.22619337766123082 0.998727931879684 0.8290411798907014 0.0015075219573230712 0.8419600486964038
0 0.003055338353493042 0.42806898405255184 0.17711975458932963 0.14495402365264587 0.3404222188715833 0.14322487425861247 0.41050404235482996 0.135790481946354 0.5125057971912687 0.1301279927219372 0.9192092850722812 0.11827571871604704 0.9973203229200298 0.22430962977158914 1 0.0022326928988891893 0.5324911711485704 0.0002470213420046812 0.0010353539147088158 0
0 0 0.8381861671159501 0.40421171623477503 0.8450837630503906 0.4484842850718158 0.8447084806269602 0.49989990080169094 0.8437346464902107 0.6432382352761107 0.8406611309464208 0.743479590084658 0.8406611309464208 0.7708851396714095 0.836409513617685 0.7848668931132731 0.8417964790375579 0.9990568531170346 0.8289181163803484 1 0.9991585747154348 0.0004266732270990315 1
3 0.2695575370777238 0.6319676930390026 0.2626541757224833 0.6301082647765854 0.25424756985102626 0.6437898614583926 0.24735666140893783 0.6470045622624192 0.24592635538404073 0.6426073613829025 0.24608112730464524 0.6331105404173505 0.252518393910479 0.626300189683181 0.24200546672872564 0.6122957067532162 0.23554329429658774 0.6041357481484576 0.23003910668336414 0.5990007238685453 0.22651760074271254 0.5916423162131607 0.22227204685164656 0.5897758071119681 0.21956798571005 0.5832571869353448 0.21945413050408802 0.5756962672909841 0.21945413050408802 0.5745180157187593 0.22452068716939533 0.5746695456685526 0.23112073114000276 0.5748508151412026 0.23579768952240898 0.576786716462394 0.24332102805386424 0.5847328337361359 0.2560434578263169 0.5878285764487361 0.264125398462023 0.5939676636669986 0.2708197287750677 0.5941489331396486 0.27531345143537894 0.5941489331396486 0.2817934137434484 0.5996110921709839 0.2864001021159249 0.6003290892228083 0.29038503432459356 0.6030679576611289 0.2930552947019202 0.6057940805896538 0.2930552947019202 0.6079254130610459 0.28386682378327127 0.6040182062247861 0.2787317760956275 0.6039643918500931 0.2750866305172516 0.6037831223774431 0.2702282154003434 0.614183458370735 0.26924087728614204 0.6205831204559318 0.27300254655186973 0.6228093361669141 0.2687027335392125 0.6297443096635305
2 0.2723580119165948 0.6387745291586293 0.2688885899086991 0.6312845831090419 0.27211989788802005 0.6223476398187215 0.26931199689612956 0.6207364537766876 0.2685104581238849 0.6188529546007888 0.2761619673660446 0.6038343513208195 0.2835954848919033 0.6034579184593004 0.29117488918174794 0.6072102332597621 0.29412532321891205 0.6229750279212534 0.2888314782315139 0.6215293655488235 0.2852480297873992 0.6310162745800868 0.28414968690911424 0.6310162745800868 0.2802677574996031 0.6362462885922564 0.2767346148361733 0.633952984847257 0.27262127883551196 0.639324494899572
2 0.23159439939801535 0.5641900975823243 0.23829680624458813 0.5508868000720429 0.25129330468450883 0.5560994607962703 0.2582313102706221 0.5560994607962703 0.27092513559675585 0.5444407210356043 0.27229177597202653 0.5351740652743788 0.2801596000711308 0.5322026484313238 0.281480126814107 0.5180784069145381 0.27773821516083524 0.506562498062321 0.270225885245237 0.5022722313356459 0.2446822866728467 0.5120301186324706 0.23352949509502435 0.5119153199583903 0.23352949509502435 0.5107873562421363 0.22958384502997908 0.5077451913790086 0.23119111472285878 0.5007811834409054 0.2270216039337661 0.5007171097623488 0.2198412921706876 0.5068321414595793 0.21366038858388062 0.5234619307815825 0.2158763582230465 0.5406777272887165 0.2161631011729499 0.5518358914356604 0.22610687715498062 0.5654648968119368 0.23200439151059654 0.5645558514974173
2 0.21646409742738068 0.46173495070227016 0.22488025453594934 0.46021720544146444 0.23024201232727198 0.46176565267324515 0.2334649360098122 0.4538058329809105 0.23372149549130472 0.4506128279995145 0.23241857577156816 0.44457521866387306 0.21948244426846927 0.4443189239496473 0.21535401653360253 0.45465614409008664
2 0.15196202543331747 0.47898945839019863 0.15924043346873135 0.46747354953798154 0.17759114383287194 0.49548042140866305 0.17767330994132377 0.49986679865317274 0.17076381096426516 0.5016061320523195 0.16598643865856438 0.5071218078813866 0.157312045209147 0.5011869834050962 0.15717621960129802 0.49482099646685296 0.15717621960129802 0.48839761019156963 0.15229236672648108 0.4797543379279663
2 0.15947603220827192 0.4572297701787704 0.16378053017553545 0.4543758217464022 0.16732624928413647 0.4459621468309594 0.18120980632346592 0.43926644742181115 0.17937448375814843 0.4340724748538296 0.17468095442025566 0.4300665350757487 0.16738661622095824 0.4296327028771894 0.16148574814663005 0.4295446015691744 0.1574721852776603 0.42765042344684956 0.1501937772422464 0.42980089628340007 0.15210455847859108 0.43925710334368834 0.15266546793322672 0.44405195028899547 0.1555949412284388 0.44071077492593763
2 0.19446202581520103 0.4244240467578721 0.2034818522919874 0.4268374886501647 0.20655385863247316 0.41866409002930854 0.21501109879526775 0.4215340568813159 0.21545211280593793 0.39663342355231856 0.21186279535407673 0.38706909215946633 0.20612206734826183 0.3831966392117114 0.1910303331428189 0.3869729816416317 0.18454759487190306 0.3938355395886873 0.1824154682005452 0.39716603600531897 0.1846222151132522 0.4068304825209157 0.18485697542311466 0.4176789572215032 0.18809079869146983 0.42382068628479885 0.1947714063664126 0.42563610717723144
2 0.2020062160585663 0.36332311991278826 0.21379789105108576 0.35403510625871065 0.22411225295082796 0.3616612088752305 0.22365279348724 0.3663412571464573 0.21675335566631831 0.36150769902035573 0.20846799358753018 0.3695769779135577 0.20172366525705332 0.3703965870517588 0.2017488181473957 0.36401191195727
3 0.18541320290905464 0.4171222990838964 0.1537481132446806 0.37997338653269414 0.1585709486097256 0.37120447579325205 0.14633596143779762 0.3726390537291459 0.14501150517469322 0.3697698978573582 0.15898100524994796 0.36535711913253566 0.1672355076821902 0.365909424557016 0.17264807743436622 0.3713758320916165 0.18136956410981184 0.370275469745921 0.1864619160952199 0.37275376331730725 0.18795181820448773 0.37795251514619804 0.19205060561911838 0.38481384791955026 0.18209628054161595 0.3967677199401624 0.1854674620306459 0.4167994128357387 0.18633205000091954 0.41827647580428495
2 0.18779399458542945 0.3777543811393236 0.19114352114935973 0.37289946512036976 0.18905834653997436 0.3668178051307209 0.17434055197095516 0.36370756198412685 0.17161062493912613 0.37140441262071944 0.1783943594644727 0.3733506506068714 0.18841946312527724 0.37863138961456483
2 0.32689367032731914 0.3618881364867847 0.3319527550048549 0.370567450194576 0.3487473398864786 0.3787541974984647 0.3547974484435051 0.3628812785044095 0.3536705989561653 0.3568196415393094 0.3525705792185242 0.34711781871122144 0.34742765157318045 0.34030999036459947 0.33694476530814416 0.341574110647786 0.3274243963135439 0.36124606483291694
2 0.4174709053096755 0.3885427867662646 0.42522470297256076 0.3961088203091377 0.4309495008144922 0.3949328013339663 0.4272101044502546 0.3840803220284689 0.41860697752347403 0.37689339108372133 0.4137021639067051 0.37710697001224286 0.41728309706178546 0.3888084255586131
2 0.44043717105164737 0.43330893018436545 0.4611916593028437 0.42472172238949885 0.46051253126359876 0.4172744921256157 0.44804088980215634 0.3996315377614388 0.43931786743141027 0.3972114215276298 0.4343770013384839 0.40437432484291874 0.4324486130788994 0.41435113054147804 0.4406912152441056 0.43552481156777556
2 0.4988187063957253 0.42271541532970025 0.5096629558520142 0.43873383496881074 0.5140185980296407 0.4354060082887856 0.520935642873802 0.43605341941586634 0.5236815000695145 0.4389994737611593 0.5336344987780042 0.4321782967315048 0.5296938792910274 0.41065621507805655 0.5254455561121952 0.4016578678457863 0.5199026975104072 0.39880258454511475 0.5136597501274224 0.40034435743537916
2 0.4831803160401741 0.40441036628710675 0.5007185880462549 0.386655282985456 0.5047011290171357 0.37681463385382913 0.5051505273245867 0.36361011659798903 0.5042575997174313 0.3563497678965622 0.4991951613211833 0.3483338837354905 0.49812448662227493 0.3391579990188868 0.4934636560418273 0.3325357173664178 0.4818648198752663 0.3257559212541643 0.4757241609130072 0.32103716180214303 0.470168725866048 0.32711081258197244 0.46434247803306894 0.3312609181368053 0.4589471830546231 0.33984412132676206 0.4569215369523814 0.34753830222674814 0.4577893116691944 0.3569170869254473 0.4607087238082696 0.3729675434038361 0.464802775926335 0.37810278176647427 0.4644514738912194 0.38556736531829977 0.46435505447824016 0.391032316151843 0.480459611734804 0.40524599384494703 0.4841797242164457 0.40577860629794743
3 0.4397088054250962 0.39625506721282433 0.43273606355372257 0.3923818484026863 0.429283938129204 0.3973525972230096 0.4314685348935991 0.41052295734523364 0.4314685348935991 0.4139075982798697 0.43433092593098654 0.4035370018094346 0.43970257896852005 0.39612761211486724
2 0.4580374868539061 0.4049456484767137 0.45886920909456164 0.39730219257225147 0.4607112390973038 0.39142743716960765 0.45268998236711083 0.38601855080480135 0.44652920109257777 0.3905397497479402 0.4452095127792796 0.3960554255770073 0.450976232105115 0.4017846803345958
2 0.41929113614078745 0.31938325997440487 0.4301513157609599 0.3082531280618296 0.4418180647314453 0.29929883148356684 0.44489090950160914 0.3001731702222016 0.45600764860327403 0.338716157610508 0.4554459007189603 0.34806023573332245 0.45801987983066644 0.3553566258789373 0.4570674237163674 0.3583106894340499 0.4570053799201894 0.372735276319069 0.4509829395425396 0.37820823636243167 0.4404732235278047 0.37697882265513 0.4349018583169621 0.37443856827402766 0.42851218574031313 0.3662972064924498 0.4256061884760873 0.3590648900253914
2 0.47821345862722725 0.3102874673559966 0.4833354255306189 0.3109575712442328 0.4874127090551228 0.30588907629675754 0.5004343603853857 0.3074215051088991 0.5070193870770274 0.3022809272730479 0.500373993448564 0.2908958355145501 0.4961835219175194 0.2825569132240898 0.4902415707889653 0.2764845973125637 0.48416882463063066 0.2763751381116964 0.4773758673788251 0.2794586838922252 0.4744975382939759 0.2815811244944073 0.4724308091375083 0.2868017944284541 0.4723503198884126 0.2926738800944914
2 0.3801238937292727 0.273381028507486 0.3935655983282538 0.2846553261968133 0.3983639313759066 0.28491562551594884 0.4027648487561493 0.28491562551594884 0.40403758500747505 0.27977638254840087 0.4037189817298046 0.271707103655199 0.40313459624418274 0.2624537965770061 0.4005908006008875 0.25934622316701866 0.38236669311813704 0.24388844821527703 0.3769060006248009 0.2446199560454631 0.377021703920376 0.2478196353683754 0.37960406732886287 0.250989947588616 0.38020102925965593 0.2583397324663612 0.3793399619802676 0.262587283407332 0.3794296739558222 0.2664530620135707 0.379846373505828 0.27362530940698243
2 0.3209346015502935 0.4874183024438671 0.32884595075682743 0.4830330407799109 0.3300133903839599 0.47622529068616243 0.33714800309190845 0.48012729378867686 0.33890928034270884 0.47989557750408796 0.3404868804255071 0.4753095776684557 0.3391591124229152 0.47455990733596265 0.334802227734457 0.47083509903931037 0.32995190523026424 0.4705501004005112 0.325233114257395 0.47031590586688926 0.320974294497616 0.46722552932269407 0.3175863846996777 0.4674968975918114 0.3141393246272981 0.47043857919402454 0.3141393246272981 0.4747817106244192 0.3125189184248383 0.4784507583178283 0.3131983682878294 0.4822932834435497 0.31917643747183205 0.48789164800917684 0.3208310885700211 0.487968473729201
2 0.42956797202730346 0.4828025636198385 0.4296232308363211 0.47679652708827713 0.426580883168014 0.4715327261421097 0.4264812616531654 0.47063312174311794 0.4227166580022058 0.467400245879523 0.41708570753400376 0.4672416379414088 0.4130627105789054 0.46778065710609407 0.4088747154898391 0.47046336168435493 0.40848479065437693 0.47482879735604694 0.41223227185747197 0.4774272414671846 0.4194703975456929 0.4781979769164587 0.42770162521006116 0.48369845064528094 0.42867604815217436 0.48369845064528094
2 0.7956922236366456 0.17682502437587114 0.8038900578316682 0.18102626157185672 0.8074728648749302 0.1744162007016227 0.8111721585971028 0.17209313843989754 0.812982752120751 0.17288107141745546 0.8139974655607427 0.17266881192146027 0.8136843655278322 0.1676517692888467 0.806095898063528 0.15463747493843458 0.7995753373781401 0.15375520440710108 0.7951414369120848 0.15853104306699284 0.7951414369120848 0.16753277532897062 0.7951414369120848 0.17434651955394753 0.7951414369120848 0.17665135751551145
3 0.9324984093981128 0.3688024621417581 0.9181230404608735 0.36899448815576813 0.9202459892164844 0.3667606855396675 0.921649981069951 0.3651989739726019 0.9166766461688793 0.35363690764467254 0.9109909503005454 0.34277393602399825 0.9078597657843914 0.3310993544534848 0.9077391544036909 0.3274763636422808 0.9090112275595164 0.3274763636422808 0.9125428795506525 0.3274763636422808 0.9179798144462916 0.33102134388529325 0.9300060882891067 0.3445306740115427 0.9360244077307786 0.34986839711972656 0.9340899142575122 0.3578719813755334 0.9340899142575122 0.3618985268568053 0.9324663720001143 0.3696260737174728
2 0.9370215384920251 0.3773502151025587 0.9401357054860273 0.3778036785712756 0.9452772793598008 0.375612474481305 0.9488567197360424 0.3731532659771992 0.9524105734429275 0.3723128041344708 0.9536993335783914 0.3653650577024263 0.9538717069298434 0.3632392466895047 0.9534751135548233 0.3613567836846181 0.9522792734291264 0.35985059887717746 0.945556712722506 0.34847434750596057 0.9400299921415823 0.34872841569056084 0.9355967650089313 0.35466096140186076 0.9328475447199558 0.3611509562945622 0.9325613780232095 0.36583996152427406 0.9315298312481151 0.3691642882772088 0.9362721184132521 0.3691642882772088 0.9372147851790043 0.37047643788881546 0.9391916920534672 0.3726140410959589 0.9379325585877839 0.37590727933685397
2 0.299646343859964 0.24438051942806194 0.304455715750601 0.24438051942806194 0.305010982266991 0.24007256510802474 0.3108163083854385 0.2364451833760064 0.3200274160336483 0.23938380693905026 0.32660468012660093 0.22978445921560137 0.3303130672182054 0.21988575310292083 0.3303578704688665 0.21415467706532512 0.32778131631609403 0.2087428386849961 0.3226193942563205 0.20086947917446119 0.3181838724408721 0.19380883091594195 0.3122411986523651 0.1925213559685041 0.3029918980691655 0.19807351859378555 0.29645062347264556 0.20178626424148324 0.28959792956005503 0.20789270763432643 0.28498980505763355 0.21735523921894676 0.2850111049636856 0.222929619849679 0.28705589594467723 0.2238475742854089 0.2871499093231136 0.2275509649834431 0.28757003160800126 0.2330177636930452 0.28757003160800126 0.23419648735064497 0.287628789969524 0.23750813953152053 0.2890331148099177 0.2404034964523707 0.30046528852368737 0.24333978127799868
2 0.5042947426503791 0.3585510169175712 0.5116146801445648 0.3618582994715296 0.517062401818701 0.3622131728658618 0.5218900093454644 0.35896431982961435 0.523358530315875 0.3571409751739896 0.524181571286061 0.3503880695903164 0.5236747939280252 0.3442417998817001 0.5227805126902557 0.33878895106709384 0.5227114312186598 0.33266158502597226 0.5215208552316235 0.3263245601271823 0.5187840416186311 0.3227010707714945 0.5134043220180972 0.319358558655387 0.5052818521156055 0.31039736100528786 0.49977476355181644 0.3080386988565179 0.4933059313756527 0.3060074138584515 0.49079201344835655 0.30578744390942236 0.48827215883209524 0.30746901105883684 0.48599408936641963 0.3095166219515577 0.4853750546170404 0.3161982091533192 0.4854344215066931 0.3202186755263956 0.4868921484971669 0.3255159987129773 0.48756623254422415 0.325839079575614 0.49049463930109594 0.3290930881575418 0.4905680383646666 0.3292030731320564 0.495257482948238 0.3327921921832083 0.49600982334983756 0.3356492237477476 0.49785181602606376 0.3415583383550667 0.4993160194044996 0.3470833648091982 0.4993160194044996 0.34928821984517044 0.5024057961614276 0.35343413782980254 0.5042218832858052 0.3570361457451554 0.504422651312631 0.3580904548367914
3 0.21810476841467946 0.5532882449023871 0.20500697226007097 0.5628926946173252 0.20405877187291901 0.5511314214114037 0.19648473219505885 0.533257968174566 0.19146353971337704 0.5296396595603422 0.18703475010021603 0.5277405786007827 0.18106446773758567 0.517505934234835 0.17777423018404429 0.5072472150170512 0.17754651977212035 0.49495487890297535 0.17392539052625203 0.48965133066020883 0.16185051223770802 0.4722622067956077 0.17675487029316608 0.472065359477652 0.19353250228421703 0.46535272431858293 0.20678595985322665 0.4661018770610191 0.257684573881003 0.5069597329627703 0.245529641150767 0.5128793141789958 0.23601294702118084 0.5130605836516458 0.22930349531359429 0.5075205353937812 0.2304660637057215 0.5011265379796046 0.2270726448717771 0.5007639990343047 0.22160670549180636 0.5044899363979145 0.2202164266877552 0.5087497690051886 0.2163142174021683 0.513849389091224 0.21602157394309418 0.5199346619347935 0.21492749657330346 0.5243106202979841 0.21474603983880158 0.5337153903594561 0.21474603983880158 0.5412338249711645 0.21513208014651636 0.5486616248465479 0.21834848971494178 0.5540827150129859
3 0.1565660295922392 0.49840891205761023 0.13917464688154949 0.4822051206040094 0.13522084695576106 0.47235000919642256 0.1306141585832845 0.46776162566997037 0.126607878523498 0.46168626600068635 0.12500145272687843 0.45505576857141183 0.12265941556048902 0.4508681605196466 0.12265941556048902 0.44841819030336194 0.12603593401229846 0.44920416340743013 0.13719997065314674 0.46017521500601827 0.1531743897458879 0.4745309075392425 0.15269050512054957 0.479433680307322 0.1584384140340355 0.4896513306602087 0.15723314993967255 0.4993619929567776
3 0.15871415711097464 0.45389875951551334 0.14948654846527626 0.44168006412470157 0.1424088463259065 0.43737916265253 0.13477521056367558 0.4260554852829275 0.1328387825685257 0.4193570118014093 0.1342628621368468 0.4183274578434677 0.13532936519894362 0.4165374218010493 0.13683527819654984 0.4161748828557494 0.14194186208270315 0.418078212318574 0.15191130855474744 0.4190766105859039 0.155346533597131 0.4234199970907277 0.1624100038357555 0.42360126656337765 0.16521190929497565 0.42522844331396215 0.16740184302215022 0.4268768625808727 0.16978212842179252 0.42956050047674527 0.16556325934462385 0.4297417699493952 0.16116738100193626 0.4296171471869484 0.1578682485104291 0.42813866805064704 0.15135003796910682 0.4277761291053471 0.15089461714525892 0.42992587175755537 0.1509533237358331 0.43863105494801896 0.1518472650013938 0.44365420197528005 0.15499429405368612 0.44110226768062977
3 0.15441167561692767 0.357687154571034 0.15447038220750184 0.35508848674046617 0.1661636676573139 0.35526409154209576 0.17097138162781705 0.3603169780922135 0.18476831990653572 0.36458105920275297 0.17498477763797624 0.3635047717088938 0.1731968951068548 0.3700885356022507 0.16105352579597432 0.36515035864029427 0.1573478946394311 0.3613479482179102
3 0.20084058331690047 0.36616433475293003 0.1957357784183403 0.36878990977084436 0.1913470160260253 0.359270430121211 0.19110596320715273 0.3530081363082567 0.18306227080469945 0.357633340196341 0.18139269094852287 0.3555289149122953 0.1863009177180393 0.351120384690738 0.1893251966264039 0.3440876956190213 0.18999498545522703 0.34301707279618254 0.19101968230888466 0.34164480624151206 0.21313694556079232 0.3539187321747718
3 0.21518633926810762 0.4567990710779128 0.21218607669225062 0.45632182254445147 0.20884780647369405 0.459352421540318 0.20528627331219643 0.45778614000320195 0.2059916418928826 0.4519968462204438 0.20232159048820253 0.44631376501931624 0.20011564587268954 0.44090966886593913 0.2032333216296948 0.43677729135662197 0.20774483416593756 0.43425368041707324 0.21328015406204137 0.43425368041707324 0.21812789525339052 0.4365025548121368 0.21943723012195307 0.43932639331576206 0.2207785867671924 0.4443736151948596 0.21464107957080542 0.4575312298072879
3 0.31150784351192723 0.4800015635771083 0.29557434113382863 0.47010396713686914 0.2935961069302395 0.4650794039418529 0.290841344642238 0.45989622995826795 0.2879424843591909 0.4536098612934773 0.28795849524752926 0.4506458221820995 0.2897392618282781 0.44993348980129527 0.2960039666375757 0.4515280946935129 0.3093721689063439 0.4581883316456441 0.32444642027694826 0.46685952680998577 0.3323789259548294 0.4672730477944686 0.33170113168183707 0.4707143354393077 0.3243352335523761 0.4698037395727927 0.3214790689715647 0.46753787116466805 0.31557460914988106 0.46753787116466805 0.31408292805302007 0.4725978385535613 0.3138774549860106 0.4780642460881618
3 0.32699215152275407 0.3618138674093309 0.3102412043456004 0.34105851279090976 0.2620760047547077 0.3126870079856801 0.25468786928033227 0.302863052268705 0.25394958942917273 0.29301360553213857 0.25733500281894794 0.29208318331705235 0.2687374237972791 0.2978129980540974 0.27619849776297384 0.3027922438809511 0.29542401668220697 0.30516149253519637 0.3117818076012732 0.31852303530435594 0.32567836918520865 0.328110491006233 0.3373743231164104 0.3376568778432128 0.337849312803783 0.3430850488484262
3 0.36243047387221117 0.2718942958006625 0.32411641807841796 0.24231338373259628 0.32447221559704903 0.23446781436946496 0.33142894658008426 0.21449418435184692 0.3379062404067639 0.22428273587494504 0.34771735698301737 0.23064840993401994 0.3626234940260685 0.24116345551547305 0.3782972642155664 0.2453921324321355 0.363263040065808 0.2724168617022862
3 0.2875982502599153 0.23166238604665573 0.28254414650776005 0.2388805930942875 0.2790875736142586 0.24587079713335183 0.2748028819961432 0.24587079713335183 0.27008589639289105 0.24258245560606104 0.26974788875019146 0.23106617942176796 0.2666426659063383 0.21849344209218674 0.26022585765782585 0.20817807616419967 0.25510059440194444 0.19969664747903837 0.24852011929486162 0.18371944286625003 0.24817855367697575 0.18098765526670485 0.2520265038409714 0.1730117984701064 0.25227022514123376 0.16807220534039483 0.25273276191545424 0.1666347950689908 0.25707971809933006 0.16590263633961552 0.2681218940900472 0.16590263633961552 0.27265297548981465 0.17183637923339176 0.2749736648050862 0.17413057099661788 0.28559688921761517 0.18201862539240152 0.2966150488758247 0.19364961116485593 0.3003687126973832 0.1959154795729805 0.30065335071228805 0.19878746778027842 0.29652165202718406 0.20226840812225974 0.292480681709331 0.20510215980017055 0.28902144033443977 0.2073991838989068 0.2859900454757026 0.2139744507857333 0.28581036772879387 0.21767772946526187 0.28581036772879387 0.222464376477425 0.28765161988771 0.22890510742751913 0.28765161988771 0.23187764354542756
3 0.4861617294575766 0.27589213737324725 0.4797893958988929 0.27293517910064474 0.47689943055381157 0.27257264015534477 0.47678557534784965 0.2772120057209798 0.47337525613177023 0.280453613712353 0.4732614009258083 0.2845335930147323 0.48701119603330834 0.2754403798593774
3 0.43686598325123344 0.30233340552830584 0.4325128006107815 0.2937089438998818 0.4283980023078125 0.2966743991790148 0.42629345998510937 0.2982180220320496 0.42079016186568236 0.29865561786836864 0.4177605459945383 0.302918282811153 0.41762267445606865 0.31086864858816005 0.4148563487487117 0.31816899336558646 0.4155332535279074 0.3217957989863408 0.41802650463971497 0.3286797904437743 0.41979837628249805 0.3357974495807956 0.42186733885333805 0.3469483544842786 0.42297386913628093 0.35359301359110384 0.42491296561282055 0.3586869690061189 0.4196524992998593 0.32041078692187464 0.4375242086607009 0.3025019294911601
3 0.4160260330912115 0.3803373416457491 0.41176891578079 0.3803373416457491 0.41086785856485664 0.37637915277030654 0.4106819543613719 0.37371534122300515 0.41665757368678175 0.37732232049518843
3 0.4527069782744879 0.3859255396072864 0.4419779041001662 0.38037699434289135 0.4397354902389934 0.3855346773068849 0.4318554646951105 0.38630790490115746 0.43245943098298684 0.39051250696598355 0.4423248066808315 0.39069377643863357 0.446558797152542 0.3906937764386335
3 0.5130315580645995 0.3995179177205237 0.5001926046047951 0.38804979123990313 0.4911179888921081 0.3932796987594057 0.4847812350852877 0.4050947863400203 0.48466737987932573 0.412913448515805 0.49202349357702435 0.42126600593525426 0.5000823073740195 0.42744191351514865
3 0.4735576023600686 0.32401068535528266 0.4671674789254537 0.3240106853552826 0.4597535481309774 0.3240106853552826 0.4557561630091566 0.3266518382185028 0.45438456357483364 0.33048682049925365 0.45552845259723274 0.3382233449452439 0.45552845259723274 0.3482540611544604 0.4614489233072548 0.33470841657714073
3 0.41306668722999706 0.4673127004916107 0.4081878137557677 0.4598721551064317 0.4004056325295083 0.45638130159016466 0.3922961175861083 0.4528196396861439 0.39308776706506254 0.4554636248848743 0.3939621394670985 0.4588383526452248 0.3939621394670985 0.4627554726557702 0.3987974277452956 0.4644223021034968 0.4006813756064474 0.4694086287691259 0.40321643292669423 0.47057413483155497 0.4044030176513291 0.4727182128127428 0.4067361598797527 0.4769681322457314 0.409105771353836 0.47007989228503283
3 0.7939988532974844 0.1704245876370975 0.7895720387152118 0.1688238707859361 0.7838222680508807 0.16180291964869598 0.7770265705695377 0.1442835462767536 0.7790882713583865 0.13864278211521022 0.7882848891367987 0.14598477674462335 0.7962028378245034 0.15425989778586616 0.7945510272747539 0.15931558268597287 0.7945510272747539 0.16892138399617554
3 0.4958334843160793 0.30544404483722554 0.4930906311302301 0.30492348172200934 0.488575093860479 0.30484251929339734 0.4875695664251683 0.3048867956215446 0.4851274577152299 0.3080127043887361 0.48405280275177076 0.3103081157436811 0.48467415593581886 0.3107780773410148 0.48631295509451355 0.31082425122608265 0.48689497709875296 0.3084333295061344 0.4888214103400888 0.307454190135108 0.4907557892743153 0.3069247717542623 0.49345335201068785 0.3068602548189621 0.4959570398405288 0.3055357600883876