1 0.14979338842975207 0.20148026315789477 0.30346074380165294 0.008223684210526362 0.8535640495867769 0.02055921052631579 0.9826962809917357 0.20353618421052638 0.2556818181818183 0.21792763157894746
0 0.15395166662791085 0.21113875441198884 0.004139681429246091 0.21285185422492583 0 0.0031454681853927704 1 0.0008326239314274967 0.9985027822986694 0.20265300859744037 0.9824449860866762 0.20513173961169004 0.8532392370053234 0.017453201259922807 0.560439930183992 0.01641002874813432 0.295844958211677 0.011471707499667715 0.15510981564345017 0.20682888877459968
0 0.030264156973539534 0.21070170660123952 0.996000138491734 0.20522106325184322 0.9996248643898493 0.20335483719864358 0.9993323215589345 0.9980194116910638 0.0019135507090659294 0.9963190723981485 0.00042278450221253945 0.2109409663516498 0.03850544918965247 0.21178954093310465
2 0.48046875 0.14459549753289475 0.482421875 0.14148591694078946 0.482421875 0.12593801398026316 0.4775390625 0.11505448190789473 0.4716796875 0.10883532072368421 0.4599609375 0.10883532072368421 0.45703125 0.1134996916118421 0.45703125 0.11660927220394737 0.4638671875 0.12438322368421052 0.4755859375 0.14615028782894737
2 0.4609375 0.11039011101973684 0.470703125 0.10728053042763158 0.4638671875 0.0932874177631579 0.4580078125 0.09017783717105263 0.44921875 0.09795178865131579 0.4541015625 0.11194490131578948
2 0.455078125 0.16325298108552633 0.4638671875 0.15858861019736842 0.46875 0.15081465871710525 0.470703125 0.1383763363486842 0.466796875 0.12904759457236842 0.4599609375 0.12127364309210527 0.4443359375 0.12127364309210527 0.4375 0.13215717516447367 0.44140625 0.14148591694078946 0.44140625 0.15392423930921054 0.4482421875 0.16169819078947367
2 0.431640625 0.15081465871710525 0.439453125 0.147705078125 0.439453125 0.12593801398026316 0.43359375 0.10417094983552631 0.4306640625 0.09950657894736842 0.4248046875 0.09950657894736842 0.4140625 0.11039011101973684 0.416015625 0.1383763363486842 0.4208984375 0.14925986842105263
3 0.4159349173553719 0.1395970394736842 0.41800103305785125 0.1416529605263158 0.41929235537190085 0.14309210526315788 0.4200671487603306 0.14453125 0.4212293388429752 0.14823190789473684 0.4213584710743802 0.1484375 0.4196797520661157 0.14782072368421054 0.41787190082644626 0.14412006578947367 0.415676652892562 0.1416529605263158
2 0.419921875 0.15081465871710525 0.4189453125 0.14304070723684212 0.4150390625 0.13993112664473684 0.412109375 0.14148591694078946 0.4130859375 0.14925986842105263 0.4169921875 0.15236944901315788
2 0.439453125 0.16947214226973684 0.439453125 0.16014340049342105 0.4345703125 0.15236944901315788 0.4287109375 0.14925986842105263 0.421875 0.15081465871710525 0.421875 0.16014340049342105 0.4267578125 0.1679173519736842 0.4326171875 0.17102693256578946
2 0.484375 0.17880088404605263 0.486328125 0.17569130345394737 0.486328125 0.16325298108552633 0.4814453125 0.15547902960526316 0.4697265625 0.15547902960526316 0.46484375 0.16636256167763158 0.4697265625 0.17724609375 0.4775390625 0.17724609375 0.4794921875 0.18035567434210525
3 0.4302685950413223 0.15069901315789475 0.4322055785123967 0.15172697368421054 0.4353047520661157 0.15460526315789475 0.4385330578512397 0.15810032894736842 0.44021177685950413 0.16221217105263158 0.4390495867768595 0.16056743421052633 0.4364669421487603 0.15768914473684212 0.43349690082644626 0.15583881578947367 0.43143078512396693 0.15254934210526316
2 0.4374060856498873 0.1491477272727273 0.4409278737791134 0.15325956937799043 0.4413974455296769 0.15438098086124402 0.43881480090157776 0.15662380382775115 0.43576258452291505 0.1547547846889952 0.43341472577009765 0.1517643540669856 0.43341472577009765 0.15139055023923442 0.43670172802404206 0.14877392344497606
2 0.40234375 0.088623046875 0.404296875 0.07929430509868421 0.4013671875 0.07152035361842106 0.3955078125 0.06841077302631579 0.3916015625 0.06219161184210526 0.3876953125 0.06219161184210526 0.3828125 0.06996556332236842 0.3837890625 0.08084909539473684 0.3876953125 0.08084909539473684 0.3974609375 0.09017783717105263
2 0.369140625 0.12904759457236842 0.373046875 0.1228284333881579 0.373046875 0.11039011101973684 0.3681640625 0.10261615953947369 0.3603515625 0.10261615953947369 0.357421875 0.10728053042763158 0.35546875 0.11971885279605263 0.3623046875 0.1274928042763158
2 0.357421875 0.07618472450657894 0.357421875 0.0637464021381579 0.353515625 0.054417660361842105 0.3447265625 0.043534128289473686 0.3330078125 0.04664370888157895 0.3271484375 0.05286287006578947 0.322265625 0.0637464021381579 0.3330078125 0.07773951480263158 0.3388671875 0.07152035361842106 0.3505859375 0.07773951480263158
2 0.35546875 0.16947214226973684 0.3623046875 0.1679173519736842 0.365234375 0.16014340049342105 0.3583984375 0.15547902960526316 0.3505859375 0.15858861019736842 0.349609375 0.16636256167763158 0.3525390625 0.17102693256578946
2 0.3203125 0.20056794819078946 0.3271484375 0.19590357730263158 0.33203125 0.18812962582236842 0.33203125 0.17880088404605263 0.3291015625 0.17102693256578946 0.3212890625 0.17102693256578946 0.30859375 0.17880088404605263 0.30859375 0.19434878700657895 0.3154296875 0.20212273848684212
2 0.341796875 0.2161158511513158 0.341796875 0.21300627055921054 0.3349609375 0.20523231907894737 0.328125 0.21300627055921054 0.3291015625 0.21767064144736842
2 0.251953125 0.16947214226973684 0.25390625 0.16636256167763158 0.25390625 0.1570338199013158 0.2451171875 0.15547902960526316 0.244140625 0.16325298108552633 0.2470703125 0.1679173519736842
3 0.478176652892562 0.15666118421052633 0.47920971074380164 0.15419407894736842 0.48114669421487605 0.15419407894736842 0.4832128099173554 0.15481085526315788 0.4848915289256198 0.1572779605263158 0.48579545454545453 0.15953947368421054 0.48644111570247933 0.16550164473684212 0.48734504132231404 0.17125822368421054 0.4859245867768595 0.16858552631578946 0.4850206611570248 0.1640625 0.484504132231405 0.16077302631578946 0.4834710743801653 0.1591282894736842 0.4821797520661157 0.15810032894736842 0.48050103305785125 0.1572779605263158
3 0.46616735537190085 0.12767269736842105 0.4696539256198347 0.13425164473684212 0.4705578512396694 0.13527960526315788 0.4706869834710744 0.13898026315789475 0.4699121900826446 0.1455592105263158 0.46952479338842973 0.14782072368421054 0.4692665289256198 0.14206414473684212 0.4693956611570248 0.13877467105263158 0.4691373966942149 0.13671875 0.4675878099173554 0.13527960526315788 0.46603822314049587 0.13157894736842105
3 0.4588068181818182 0.09087171052631579 0.4599690082644628 0.08922697368421052 0.46138946280991733 0.08881578947368421 0.46474690082644626 0.09087171052631579 0.46603822314049587 0.0923108552631579 0.4674586776859504 0.09683388157894737 0.4692665289256198 0.1001233552631579 0.47042871900826444 0.10444078947368421 0.4669421487603306 0.09868421052631579 0.46397210743801653 0.09272203947368421 0.462551652892562 0.09148848684210527 0.4606146694214876 0.0912828947368421
3 0.42858987603305787 0.09827302631578948 0.43168904958677684 0.09745065789473684 0.43401342975206614 0.10197368421052631 0.4359504132231405 0.11040296052631579 0.4377582644628099 0.12027138157894737 0.4387913223140496 0.12479440789473684 0.4393078512396694 0.13075657894736842 0.4390495867768595 0.1317845394736842 0.437370867768595 0.12397203947368421 0.4363378099173554 0.11657072368421052 0.43478822314049587 0.11163651315789473 0.43362603305785125 0.10875822368421052 0.43259297520661155 0.1040296052631579 0.4294938016528926 0.09847861842105263
3 0.4359504132231405 0.1484375 0.437629132231405 0.14802631578947367 0.4394369834710744 0.14967105263157895 0.44008264462809915 0.15090460526315788 0.43827479338842973 0.15049342105263158
3 0.3129452835565688 0.17496597096188748 0.3202479338842975 0.17213021778584392 0.3248788828726133 0.17071234119782216 0.33075662581932175 0.17184664246823958 0.3320034197777144 0.17581669691470053 0.33342832715873466 0.18205535390199634 0.3332502137361072 0.18517468239564427 0.32968794528355655 0.1780852994555354 0.3286192647477914 0.17383166969147004 0.3245226560273582 0.172980943738657
3 0.3425121117127387 0.04395417422867514 0.34678683385579934 0.04111842105263158 0.3487460815047022 0.04395417422867514 0.35622684525505843 0.05189428312159709 0.3594328868623539 0.06068511796733212 0.3617483613565118 0.0697595281306715 0.36014534055286407 0.0711774047186933 0.35711741236819605 0.06749092558983666 0.3548019378740382 0.058983666061706 0.3514177828441151 0.053028584392014515 0.347677400968937 0.04792422867513612
3 0.39113707609005416 0.06125226860254083 0.3941650042747222 0.05529718693284937 0.3986178398404104 0.05671506352087115 0.4014676546024509 0.06125226860254084 0.40324878882872617 0.06607304900181488 0.4037831290966087 0.07174455535390199 0.4034269022513537 0.07287885662431942 0.4002208606440581 0.07004310344827587 0.39648047876888004 0.06805807622504538 0.393096323738957 0.06465517241379311 0.3913151895126817 0.060685117967332135
3 0.362817041892277 0.10293784029038112 0.36673553719008267 0.10123638838475499 0.36976346537475063 0.1018035390199637 0.371900826446281 0.10549001814882034 0.37314762040467375 0.10917649727767695 0.37403818751781137 0.11371370235934665 0.37386007409518385 0.11740018148820326 0.37314762040467375 0.1125794010889292 0.3717227130236535 0.10662431941923774 0.36726987745796524 0.10520644283121597 0.36477628954117985 0.10407214156079854
3 0.35569250498717586 0.15710072595281305 0.35889854659447135 0.1556828493647913 0.36121402108862927 0.15738430127041741 0.3635294955827871 0.1588021778584392 0.3640638358506697 0.15965290381125227 0.35996722713023654 0.1593693284936479 0.3576517526360787 0.15823502722323046 0.3558706184098034 0.1573843012704174 0.35658307210031354 0.15795145190562612
3 0.33449700769449986 0.20644283121597096 0.3369905956112853 0.20417422867513613 0.33984041037332574 0.20615925589836662 0.34269022513536623 0.2092785843920145 0.3439370190937589 0.21324863883847547 0.3417996580222285 0.21296506352087113 0.3393060701054431 0.2101293103448276 0.33431889427187234 0.20786070780399274
3 0.2468464549804263 0.15365304709141273 0.2501087429317094 0.15365304709141273 0.25282731622444543 0.15408587257617729 0.254458460200087 0.15495152354570635 0.2552740321879078 0.15798130193905816 0.254458460200087 0.15841412742382271 0.25282731622444543 0.15841412742382271