0 0.152634 0.337171 0.049070 0.065789
0 0.227273 0.656661 0.072314 0.064967
0 0.279442 0.404194 0.037190 0.035362
0 0.341684 0.263980 0.051136 0.049342
0 0.501808 0.409128 0.021178 0.030428
0 0.563791 0.428865 0.045971 0.058388
0 0.547262 0.269326 0.033574 0.035362
0 0.452996 0.533306 0.075413 0.091283
0 0.785382 0.319079 0.076963 0.057566
0 0.767820 0.407895 0.052169 0.052632
0 0.835744 0.435033 0.037190 0.039474
0 0.795971 0.543997 0.021694 0.033717
0 0.935434 0.643914 0.080579 0.083882
0 0.896436 0.847451 0.087293 0.132401
