0 0.199380 0.417352 0.041322 0.035362
0 0.279184 0.279194 0.042872 0.056743
0 0.480630 0.281661 0.032541 0.035362
0 0.714360 0.327303 0.076446 0.052632
0 0.420196 0.421464 0.021178 0.030428
0 0.477789 0.442023 0.043388 0.058388
0 0.684917 0.418174 0.051653 0.048520
0 0.751808 0.447780 0.039773 0.040296
0 0.123967 0.665707 0.079545 0.055099
0 0.355630 0.543586 0.074897 0.088816
0 0.699638 0.555510 0.024277 0.032072
0 0.829029 0.655016 0.078512 0.086349
0 0.765496 0.858964 0.090909 0.137336
0 0.130940 0.362664 0.039773 0.044408
1 0.339360 0.294408 0.113636 0.037829
1 0.532541 0.291530 0.083678 0.023849
1 0.806043 0.341694 0.141012 0.033717
1 0.242769 0.425576 0.058884 0.023849
1 0.443440 0.434211 0.031508 0.019737
1 0.550362 0.465049 0.122417 0.041941
1 0.777634 0.433388 0.173037 0.026316
1 0.813533 0.456826 0.107438 0.025493
1 0.176136 0.685033 0.074380 0.062500
1 0.487862 0.582237 0.244318 0.080592
1 0.774535 0.574836 0.133781 0.042763
1 0.882490 0.923931 0.235021 0.122533
1 0.920713 0.706826 0.158574 0.076480
