0 0.078771 0.352796 0.050103 0.070724
0 0.200155 0.416941 0.039773 0.031250
0 0.280475 0.281250 0.040289 0.052632
0 0.480630 0.281661 0.032541 0.035362
0 0.715134 0.327303 0.074897 0.052632
0 0.420196 0.421464 0.021178 0.030428
0 0.477789 0.442023 0.043388 0.058388
0 0.685434 0.417763 0.050620 0.047697
0 0.752583 0.447368 0.038223 0.039474
0 0.123967 0.665707 0.079545 0.055099
0 0.355888 0.545230 0.074380 0.085526
0 0.699638 0.555510 0.024277 0.032072
0 0.842459 0.657072 0.051653 0.082237
0 0.768595 0.858964 0.094008 0.137336
