0 0.152634 0.337171 0.049070 0.065789
0 0.231663 0.657484 0.081095 0.066612
0 0.075671 0.796875 0.076963 0.065789
0 0.279442 0.404194 0.037190 0.035362
0 0.341684 0.263980 0.051136 0.049342
0 0.501808 0.409128 0.021178 0.030428
0 0.563791 0.428865 0.045971 0.058388
0 0.547262 0.269326 0.033574 0.035362
0 0.452996 0.533306 0.075413 0.091283
0 0.785382 0.319079 0.076963 0.057566
0 0.768079 0.407895 0.051653 0.052632
0 0.833419 0.435855 0.041839 0.041118
0 0.795971 0.543997 0.021694 0.033717
0 0.935434 0.643914 0.080579 0.083882
0 0.896694 0.847039 0.086777 0.131579
