0 0.199380 0.417352 0.041322 0.035362
0 0.280475 0.278783 0.040289 0.055921
0 0.480630 0.281661 0.032541 0.035362
0 0.714360 0.327303 0.076446 0.052632
0 0.420196 0.421464 0.021178 0.030428
0 0.477789 0.442023 0.043388 0.058388
0 0.684917 0.418174 0.051653 0.048520
0 0.751808 0.446957 0.039773 0.038651
0 0.123967 0.669408 0.079545 0.062500
0 0.355372 0.544408 0.075413 0.088816
0 0.699638 0.555510 0.024277 0.032072
0 0.829029 0.655016 0.078512 0.086349
0 0.765496 0.858964 0.090909 0.137336
0 0.079545 0.352796 0.049587 0.070724
1 0.140496 0.635691 0.073347 0.100329
1 0.383781 0.488076 0.077479 0.134046
