0 0.079287 0.349918 0.049070 0.064967
0 0.199380 0.417352 0.041322 0.035362
0 0.278151 0.279194 0.044938 0.056743
0 0.480630 0.281661 0.032541 0.035362
0 0.714360 0.327303 0.076446 0.052632
0 0.420196 0.421464 0.021178 0.030428
0 0.477789 0.442023 0.043388 0.058388
0 0.684917 0.418174 0.051653 0.048520
0 0.751808 0.447780 0.039773 0.040296
0 0.123967 0.665707 0.079545 0.055099
0 0.355888 0.545230 0.074380 0.085526
0 0.699638 0.555510 0.024277 0.032072
0 0.833161 0.656250 0.070248 0.083882
0 0.764979 0.859786 0.091942 0.135691
