0 0.199380 0.417352 0.041322 0.035362
0 0.280475 0.277961 0.040289 0.054276
0 0.480630 0.281661 0.032541 0.035362
0 0.714101 0.326480 0.076963 0.054276
0 0.420196 0.421464 0.021178 0.030428
0 0.477789 0.442023 0.043388 0.058388
0 0.684917 0.418174 0.051653 0.048520
0 0.751808 0.447780 0.039773 0.040296
0 0.123192 0.664062 0.081095 0.058388
0 0.355630 0.543586 0.074897 0.088816
0 0.699638 0.554688 0.024277 0.033717
0 0.829029 0.655016 0.078512 0.086349
0 0.766271 0.858141 0.089360 0.138980
1 0.339360 0.294408 0.113636 0.037829
1 0.532541 0.291530 0.083678 0.023849
1 0.806043 0.341694 0.141012 0.033717
1 0.242769 0.425576 0.058884 0.023849
1 0.443440 0.434211 0.031508 0.019737
1 0.550362 0.465049 0.122417 0.041941
1 0.777634 0.433388 0.173037 0.026316
1 0.813533 0.456826 0.107438 0.025493
1 0.177169 0.685444 0.076446 0.063322
1 0.487862 0.582237 0.244318 0.080592
1 0.774535 0.574836 0.133781 0.042763
1 0.882490 0.923931 0.235021 0.122533
1 0.920713 0.706826 0.158574 0.076480
