0 0.199380 0.417352 0.041322 0.035362
0 0.280475 0.278783 0.040289 0.055921
0 0.480630 0.281661 0.032541 0.035362
0 0.714360 0.327303 0.076446 0.052632
0 0.420196 0.421464 0.021178 0.030428
0 0.477789 0.442023 0.043388 0.058388
0 0.684917 0.418174 0.051653 0.048520
0 0.751808 0.446957 0.039773 0.038651
0 0.123967 0.669408 0.079545 0.062500
0 0.355372 0.544408 0.075413 0.088816
0 0.699638 0.555510 0.024277 0.032072
0 0.829029 0.655016 0.078512 0.086349
0 0.765496 0.858964 0.090909 0.137336
0 0.079545 0.352796 0.049587 0.070724
1 0.095816 0.314145 0.052169 0.080592
1 0.291839 0.261924 0.035124 0.061678
1 0.484504 0.264391 0.038223 0.040296
1 0.721074 0.298931 0.079545 0.073191
1 0.757748 0.423931 0.041322 0.053454
1 0.697314 0.390214 0.060950 0.079770
1 0.491994 0.412007 0.048037 0.098684
1 0.428977 0.403372 0.023244 0.046875
1 0.204804 0.398438 0.041839 0.041941
1 0.140496 0.635691 0.073347 0.100329
1 0.383781 0.488076 0.077479 0.134046
1 0.707903 0.534951 0.025310 0.043586
1 0.846591 0.616776 0.097107 0.116776
