0 0.152634 0.335115 0.049070 0.069901
0 0.230114 0.657484 0.081095 0.068257
0 0.278151 0.404194 0.039773 0.035362
0 0.346591 0.264803 0.041322 0.054276
0 0.501808 0.409128 0.021178 0.030428
0 0.563791 0.428865 0.045971 0.058388
0 0.547262 0.268092 0.033574 0.036184
0 0.453254 0.532484 0.074897 0.089638
0 0.785124 0.317434 0.077479 0.054276
0 0.767820 0.407895 0.052169 0.052632
0 0.835744 0.435033 0.037190 0.039474
0 0.795971 0.543997 0.021694 0.033717
0 0.935434 0.643914 0.080579 0.083882
0 0.896952 0.846628 0.088326 0.130757
0 0.064050 0.804688 0.096074 0.087993
1 0.166322 0.297286 0.046488 0.086349
1 0.354081 0.248766 0.036674 0.064967
1 0.548037 0.250822 0.044421 0.041118
1 0.783316 0.289474 0.092459 0.083882
1 0.837810 0.409951 0.042355 0.050164
1 0.774793 0.375411 0.057851 0.076480
1 0.567924 0.393092 0.054236 0.092105
1 0.507748 0.387747 0.020661 0.043586
1 0.281250 0.382812 0.041839 0.040296
1 0.239411 0.619655 0.073864 0.094572
1 0.464360 0.472451 0.082645 0.134046
1 0.801653 0.523026 0.029959 0.049342
1 0.944473 0.599095 0.090393 0.107730
