0 0.153151 0.339227 0.048037 0.069901
0 0.231405 0.658306 0.079545 0.068257
0 0.072831 0.796464 0.071281 0.064967
0 0.280217 0.403783 0.038740 0.034539
0 0.348399 0.266036 0.038740 0.053454
0 0.501808 0.409128 0.021178 0.030428
0 0.565341 0.429276 0.037707 0.059211
0 0.547262 0.269326 0.033574 0.035362
0 0.453512 0.531661 0.074380 0.087993
0 0.786674 0.317845 0.073347 0.055099
0 0.768079 0.407895 0.051653 0.052632
0 0.836002 0.436678 0.036674 0.042763
0 0.795455 0.543586 0.022727 0.032895
0 0.935434 0.643914 0.080579 0.083882
0 0.897211 0.832648 0.087810 0.102796
1 0.839360 0.792763 0.103306 0.144737
1 0.901343 0.604441 0.061983 0.087171
