0 0.152634 0.337171 0.049070 0.065789
0 0.227273 0.656661 0.072314 0.064967
0 0.279442 0.404194 0.037190 0.035362
0 0.341684 0.263980 0.051136 0.049342
0 0.501808 0.409128 0.021178 0.030428
0 0.563791 0.428865 0.045971 0.058388
0 0.547262 0.269326 0.033574 0.035362
0 0.452996 0.533306 0.075413 0.091283
0 0.785382 0.319079 0.076963 0.057566
0 0.767820 0.407895 0.052169 0.052632
0 0.835744 0.435033 0.037190 0.039474
0 0.795971 0.543997 0.021694 0.033717
0 0.935434 0.643914 0.080579 0.083882
0 0.896436 0.847451 0.087293 0.132401
1 0.403667 0.278783 0.117252 0.031250
1 0.594783 0.279605 0.090393 0.023026
1 0.875775 0.332237 0.141012 0.027961
1 0.902376 0.446957 0.128099 0.018914
1 0.857955 0.422697 0.171488 0.023026
1 0.868543 0.559622 0.133781 0.040296
1 0.637913 0.453947 0.126033 0.039474
1 0.532283 0.420230 0.045971 0.021382
1 0.322831 0.410362 0.060950 0.027961
1 0.286674 0.673520 0.074380 0.059211
1 0.588068 0.570724 0.240186 0.075658
1 0.948347 0.890625 0.103306 0.126645
1 0.978048 0.685855 0.043905 0.060855
