0 0.153151 0.339227 0.048037 0.069901
0 0.231405 0.658306 0.079545 0.068257
0 0.072831 0.796464 0.071281 0.064967
0 0.280217 0.403783 0.038740 0.034539
0 0.348399 0.266036 0.038740 0.053454
0 0.501808 0.409128 0.021178 0.030428
0 0.565341 0.429276 0.037707 0.059211
0 0.547262 0.269326 0.033574 0.035362
0 0.453512 0.531661 0.074380 0.087993
0 0.786674 0.317845 0.073347 0.055099
0 0.768079 0.407895 0.051653 0.052632
0 0.836002 0.436678 0.036674 0.042763
0 0.795455 0.543586 0.022727 0.032895
0 0.935434 0.643914 0.080579 0.083882
0 0.897211 0.832648 0.087810 0.102796
1 0.135331 0.327303 0.023760 0.077303
1 0.265754 0.393914 0.043905 0.050987
1 0.183626 0.631579 0.097624 0.088816
1 0.402634 0.493832 0.093492 0.130757
1 0.480888 0.396382 0.032025 0.041118
1 0.524277 0.400905 0.059917 0.079770
1 0.531250 0.254523 0.030475 0.041941
1 0.726240 0.375822 0.073347 0.077303
1 0.760072 0.293174 0.073864 0.079770
1 0.813017 0.413240 0.040289 0.041941
1 0.776860 0.526316 0.035124 0.041118
1 0.839360 0.792763 0.103306 0.144737
1 0.901343 0.604441 0.061983 0.087171
1 0.315857 0.250000 0.040806 0.062500
1 0.044421 0.756990 0.087810 0.073191
