0 0.152376 0.335526 0.049587 0.069079
0 0.231663 0.657484 0.081095 0.066612
0 0.065599 0.805510 0.100207 0.092928
0 0.279442 0.404194 0.037190 0.035362
0 0.339876 0.263158 0.054752 0.050987
0 0.501808 0.409128 0.021178 0.030428
0 0.563791 0.428865 0.045971 0.058388
0 0.547262 0.269326 0.033574 0.035362
0 0.452996 0.533306 0.075413 0.091283
0 0.785382 0.319079 0.076963 0.057566
0 0.768079 0.407895 0.051653 0.052632
0 0.833419 0.435855 0.041839 0.041118
0 0.798037 0.543586 0.025826 0.034539
0 0.935434 0.643914 0.080579 0.083882
0 0.896694 0.847039 0.086777 0.131579
1 0.111054 0.370477 0.061983 0.078125
1 0.303977 0.302632 0.073864 0.052632
1 0.803202 0.356908 0.090909 0.052632
1 0.256457 0.445724 0.057335 0.054276
1 0.495093 0.441201 0.030475 0.040296
1 0.557593 0.495888 0.049070 0.082237
1 0.783316 0.465872 0.077996 0.081414
1 0.852014 0.478618 0.060434 0.054276
1 0.808884 0.583470 0.034091 0.056743
1 0.178461 0.754934 0.172004 0.151316
1 0.043388 0.879112 0.085744 0.100329
1 0.424845 0.658306 0.097624 0.181743
1 0.953771 0.725740 0.092459 0.132401
1 0.925103 0.911184 0.127066 0.120066
