0 0.079287 0.349918 0.049070 0.064967
0 0.199380 0.417352 0.041322 0.035362
0 0.278151 0.279194 0.044938 0.056743
0 0.480630 0.281661 0.032541 0.035362
0 0.714360 0.327303 0.076446 0.052632
0 0.420196 0.421464 0.021178 0.030428
0 0.477789 0.442023 0.043388 0.058388
0 0.684917 0.418174 0.051653 0.048520
0 0.751808 0.447780 0.039773 0.040296
0 0.123967 0.665707 0.079545 0.055099
0 0.355888 0.545230 0.074380 0.085526
0 0.699638 0.555510 0.024277 0.032072
0 0.833161 0.656250 0.070248 0.083882
0 0.764979 0.859786 0.091942 0.135691
1 0.239411 0.317845 0.087293 0.060033
1 0.475723 0.310033 0.025826 0.036184
1 0.725207 0.367188 0.092975 0.055099
1 0.763430 0.486431 0.059917 0.061678
1 0.698864 0.473273 0.071281 0.081414
1 0.469008 0.506168 0.053719 0.091283
1 0.411674 0.455181 0.035124 0.045230
1 0.314824 0.674342 0.121384 0.205592
1 0.079804 0.755757 0.158574 0.143092
1 0.707386 0.593750 0.031508 0.064145
1 0.878357 0.770148 0.156508 0.191612
1 0.787190 0.927632 0.122934 0.118421
1 0.180269 0.458470 0.075413 0.058388
