0 0.152634 0.339227 0.049070 0.069901
0 0.230114 0.657484 0.081095 0.068257
0 0.278151 0.404194 0.039773 0.035362
0 0.346591 0.264803 0.041322 0.054276
0 0.501808 0.409128 0.021178 0.030428
0 0.563791 0.428865 0.045971 0.058388
0 0.547262 0.269737 0.033574 0.036184
0 0.453254 0.532484 0.074897 0.089638
0 0.785124 0.317434 0.077479 0.054276
0 0.767820 0.407895 0.052169 0.052632
0 0.835744 0.435033 0.037190 0.039474
0 0.795971 0.543997 0.021694 0.033717
0 0.935434 0.643914 0.080579 0.083882
0 0.896436 0.847451 0.087293 0.132401
0 0.073347 0.803454 0.072314 0.082237
1 0.164773 0.300576 0.043388 0.079770
1 0.354081 0.248766 0.036674 0.064967
1 0.548037 0.250822 0.044421 0.041118
1 0.782283 0.289885 0.090393 0.076480
1 0.837035 0.410773 0.040806 0.048520
1 0.774535 0.376234 0.057335 0.074836
1 0.566890 0.394326 0.052169 0.087993
1 0.507748 0.387747 0.020661 0.043586
1 0.281250 0.382812 0.041839 0.040296
1 0.239411 0.619655 0.073864 0.094572
1 0.464876 0.471217 0.081612 0.128289
1 0.802428 0.524671 0.028409 0.046053
1 0.944215 0.600329 0.089876 0.105263
