0 0.196023 0.127878 0.030475 0.046875
0 0.324638 0.095806 0.026343 0.035362
0 0.463068 0.097451 0.022211 0.023849
0 0.621126 0.117599 0.050103 0.034539
0 0.636880 0.169819 0.023760 0.025493
0 0.595558 0.153372 0.033058 0.033717
0 0.464360 0.166530 0.025826 0.035362
0 0.425878 0.161595 0.013946 0.018914
0 0.392045 0.201891 0.044421 0.051809
0 0.281767 0.160773 0.025310 0.018914
0 0.262655 0.252056 0.045971 0.033717
0 0.597882 0.209704 0.012913 0.019737
0 0.668130 0.242599 0.044938 0.041118
0 0.618027 0.271382 0.034607 0.013158
1 0.200671 0.115543 0.025310 0.037007
1 0.331612 0.088816 0.020661 0.034539
1 0.471591 0.092105 0.013430 0.023026
1 0.643853 0.110197 0.024277 0.037829
1 0.647986 0.164474 0.019112 0.023026
1 0.613636 0.148438 0.029959 0.033717
1 0.476498 0.160773 0.021178 0.038651
1 0.432593 0.155839 0.009814 0.018914
1 0.414514 0.189967 0.026343 0.049342
1 0.290548 0.153372 0.010847 0.017270
1 0.269370 0.245066 0.035640 0.026316
1 0.607180 0.206414 0.011880 0.016447
1 0.699897 0.240543 0.030992 0.043586
1 0.652118 0.271382 0.035640 0.016447
