0 0.196023 0.127878 0.030475 0.046875
0 0.324638 0.095806 0.026343 0.035362
0 0.463843 0.099918 0.020661 0.020559
0 0.621384 0.119243 0.049587 0.031250
0 0.637397 0.171464 0.022727 0.022204
0 0.596074 0.157484 0.033058 0.033717
0 0.464360 0.168174 0.025826 0.035362
0 0.426911 0.164885 0.013946 0.018914
0 0.393595 0.203947 0.045455 0.049342
0 0.281767 0.161595 0.025310 0.018914
0 0.262397 0.254112 0.046488 0.029605
0 0.598915 0.213816 0.012913 0.019737
0 0.669680 0.245888 0.044938 0.041118
0 0.621126 0.277138 0.034607 0.013158
1 0.298295 0.264391 0.039773 0.020559
1 0.312758 0.170230 0.038740 0.013158
1 0.369576 0.110197 0.075930 0.018092
1 0.502324 0.108964 0.055269 0.012336
1 0.512397 0.186266 0.080579 0.017270
1 0.472882 0.230263 0.136880 0.027961
1 0.689308 0.131990 0.089360 0.015625
1 0.681560 0.184211 0.080062 0.009868
1 0.658574 0.172697 0.101240 0.013158
1 0.645145 0.224918 0.083678 0.020559
1 0.758264 0.270148 0.155992 0.030428
1 0.645919 0.279605 0.023244 0.008224
1 0.441890 0.172697 0.019112 0.013158
