0 0.196023 0.127878 0.030475 0.046875
0 0.324638 0.095806 0.026343 0.035362
0 0.463068 0.097451 0.022211 0.023849
0 0.621126 0.117599 0.050103 0.034539
0 0.636880 0.169819 0.023760 0.025493
0 0.595558 0.153372 0.033058 0.033717
0 0.464360 0.166530 0.025826 0.035362
0 0.425878 0.161595 0.013946 0.018914
0 0.392045 0.201891 0.044421 0.051809
0 0.281767 0.160773 0.025310 0.018914
0 0.262655 0.252056 0.045971 0.033717
0 0.597882 0.209704 0.012913 0.019737
0 0.668130 0.242599 0.044938 0.041118
0 0.618027 0.271382 0.034607 0.013158
