0 0.247159 0.112253 0.032541 0.041941
0 0.372676 0.081826 0.028409 0.037007
0 0.511364 0.086760 0.023760 0.030428
0 0.671229 0.104852 0.050103 0.037007
0 0.692665 0.157895 0.024793 0.026316
0 0.650568 0.142270 0.032541 0.031250
0 0.519886 0.155016 0.028409 0.038651
0 0.480372 0.148438 0.013430 0.018914
0 0.335744 0.146793 0.024793 0.020559
0 0.452738 0.189145 0.043905 0.050987
0 0.658574 0.197780 0.013430 0.018914
0 0.731921 0.231497 0.044421 0.041941
0 0.693698 0.261924 0.028926 0.013980
1 0.224948 0.129523 0.038740 0.037007
1 0.340134 0.105674 0.039773 0.030428
1 0.510331 0.104030 0.023760 0.015625
1 0.677428 0.128701 0.060434 0.022204
1 0.699122 0.176398 0.033574 0.023849
1 0.658316 0.170230 0.043905 0.036184
1 0.515754 0.187500 0.030475 0.031250
1 0.476498 0.166530 0.020145 0.018914
1 0.440599 0.234786 0.048554 0.066612
1 0.667614 0.214638 0.025310 0.023026
1 0.740961 0.256579 0.051136 0.023026
1 0.324897 0.166530 0.034091 0.025493
