0 0.196023 0.127878 0.030475 0.046875
0 0.324638 0.095806 0.026343 0.035362
0 0.463068 0.097451 0.022211 0.023849
0 0.621126 0.117599 0.050103 0.034539
0 0.636880 0.169819 0.023760 0.025493
0 0.595558 0.153372 0.033058 0.033717
0 0.464360 0.166530 0.025826 0.035362
0 0.425878 0.161595 0.013946 0.018914
0 0.392045 0.201891 0.044421 0.051809
0 0.281767 0.160773 0.025310 0.018914
0 0.262655 0.252056 0.045971 0.033717
0 0.597882 0.209704 0.012913 0.019737
0 0.668130 0.242599 0.044938 0.041118
0 0.618027 0.271382 0.034607 0.013158
1 0.172779 0.147204 0.041839 0.034539
1 0.268595 0.180921 0.036157 0.027961
1 0.297262 0.120888 0.051136 0.029605
1 0.460486 0.115954 0.023244 0.016447
1 0.626033 0.141447 0.057851 0.021382
1 0.641529 0.187500 0.033058 0.026316
1 0.602789 0.183799 0.043388 0.033717
1 0.458419 0.194079 0.032541 0.044408
1 0.420971 0.179276 0.020661 0.018092
1 0.254649 0.272204 0.055785 0.014803
1 0.374742 0.252056 0.057335 0.056743
1 0.601756 0.227796 0.014463 0.021382
1 0.676653 0.268503 0.046488 0.023849
