0 0.196023 0.127878 0.030475 0.046875
0 0.324638 0.095806 0.026343 0.035362
0 0.463068 0.097451 0.022211 0.023849
0 0.621126 0.117599 0.050103 0.034539
0 0.636880 0.169819 0.023760 0.025493
0 0.595558 0.153372 0.033058 0.033717
0 0.464360 0.166530 0.025826 0.035362
0 0.425878 0.161595 0.013946 0.018914
0 0.392045 0.201891 0.044421 0.051809
0 0.281767 0.160773 0.025310 0.018914
0 0.262655 0.252056 0.045971 0.033717
0 0.597882 0.209704 0.012913 0.019737
0 0.668130 0.242599 0.044938 0.041118
0 0.618027 0.271382 0.034607 0.013158
1 0.296746 0.261924 0.036674 0.022204
1 0.311467 0.166118 0.036157 0.018092
1 0.368027 0.108141 0.072831 0.018914
1 0.499742 0.104852 0.055269 0.012336
1 0.511105 0.182155 0.077996 0.017270
1 0.473399 0.226974 0.136880 0.027961
1 0.688017 0.129523 0.086777 0.018914
1 0.680785 0.178454 0.078512 0.013158
1 0.657800 0.169408 0.097624 0.014803
1 0.645403 0.219572 0.083161 0.018092
1 0.757490 0.269326 0.154442 0.028783
1 0.642820 0.277138 0.023244 0.008224
1 0.441374 0.170641 0.018079 0.013980
