0 0.246643 0.112253 0.031508 0.041941
0 0.372417 0.081826 0.028926 0.037007
0 0.510589 0.084293 0.022211 0.025493
0 0.670713 0.105674 0.051136 0.035362
0 0.692665 0.157484 0.024793 0.025493
0 0.650052 0.142270 0.033574 0.031250
0 0.519628 0.154194 0.028926 0.037007
0 0.480372 0.148438 0.013430 0.018914
0 0.334969 0.146793 0.026343 0.020559
0 0.452479 0.188322 0.044421 0.052632
0 0.658574 0.197780 0.013430 0.018914
0 0.731405 0.231086 0.043388 0.044408
0 0.689308 0.260280 0.032541 0.013980
1 0.247934 0.099095 0.027893 0.032072
1 0.376808 0.074013 0.022211 0.032895
1 0.519112 0.079770 0.012397 0.024671
1 0.682335 0.097451 0.041322 0.037007
1 0.701705 0.152138 0.019112 0.021382
1 0.665031 0.136924 0.030475 0.033717
1 0.529442 0.147615 0.020661 0.037007
1 0.486054 0.143914 0.009298 0.018092
1 0.337035 0.139803 0.023244 0.014803
1 0.470816 0.176809 0.024277 0.050987
1 0.666064 0.194079 0.010847 0.014803
1 0.762655 0.228207 0.025310 0.043586
1 0.719525 0.259046 0.030992 0.016447
