0 0.198605 0.128701 0.030475 0.046875
0 0.327221 0.099095 0.026343 0.035362
0 0.464618 0.101562 0.021178 0.023849
0 0.623192 0.121711 0.050103 0.034539
0 0.638430 0.173109 0.024793 0.025493
0 0.597624 0.159128 0.033058 0.033717
0 0.465651 0.170230 0.027376 0.036184
0 0.427686 0.165707 0.014463 0.018914
0 0.394112 0.205181 0.044421 0.051809
0 0.284866 0.164062 0.025310 0.020559
0 0.264721 0.256168 0.045971 0.033717
0 0.599174 0.214227 0.014463 0.018914
0 0.669680 0.246711 0.044938 0.041118
0 0.620868 0.276316 0.035124 0.014803
1 0.182851 0.127056 0.011364 0.040296
1 0.302428 0.095395 0.026343 0.037829
1 0.452996 0.097039 0.017562 0.023026
1 0.605114 0.114309 0.039773 0.034539
1 0.572831 0.151727 0.035124 0.032072
1 0.624483 0.166530 0.017562 0.017270
1 0.439050 0.166530 0.033058 0.037007
1 0.413481 0.163651 0.017045 0.019737
1 0.357696 0.199424 0.051136 0.051809
1 0.270919 0.161595 0.024277 0.020559
1 0.224432 0.254112 0.040806 0.029605
1 0.588585 0.210938 0.012913 0.013980
1 0.654184 0.240132 0.031508 0.029605
1 0.585744 0.277138 0.032025 0.011513
