0 0.247159 0.112253 0.032541 0.041941
0 0.372417 0.081826 0.028926 0.037007
0 0.511364 0.086760 0.023760 0.030428
0 0.671229 0.104852 0.050103 0.037007
0 0.691890 0.157484 0.023244 0.025493
0 0.650568 0.142270 0.032541 0.031250
0 0.519886 0.155016 0.028409 0.038651
0 0.480372 0.148438 0.013430 0.018914
0 0.335744 0.146793 0.024793 0.020559
0 0.452479 0.188322 0.044421 0.052632
0 0.658574 0.197780 0.013430 0.018914
0 0.732180 0.230674 0.044938 0.043586
0 0.689308 0.260280 0.032541 0.013980
1 0.412448 0.093339 0.080062 0.017270
1 0.546229 0.092928 0.057335 0.013158
1 0.734762 0.116365 0.091426 0.013980
1 0.712810 0.156661 0.099174 0.010691
1 0.733729 0.166118 0.082128 0.009868
1 0.821798 0.256990 0.153926 0.023849
1 0.699897 0.210526 0.071281 0.019737
1 0.565341 0.170230 0.077996 0.018092
1 0.532800 0.214638 0.145145 0.029605
1 0.496643 0.156661 0.021178 0.010691
1 0.363895 0.153783 0.040806 0.009868
1 0.358729 0.245477 0.042872 0.022204
