0 0.198089 0.129523 0.030475 0.043586
0 0.325930 0.099507 0.028926 0.036184
0 0.464618 0.101562 0.022211 0.023849
0 0.622159 0.121711 0.050103 0.034539
0 0.638688 0.173520 0.024277 0.026316
0 0.597107 0.158306 0.033058 0.033717
0 0.465393 0.171053 0.027893 0.036184
0 0.427428 0.164885 0.013946 0.018914
0 0.393079 0.205592 0.046488 0.052632
0 0.282283 0.164062 0.026343 0.020559
0 0.264205 0.255345 0.045971 0.033717
0 0.599432 0.213816 0.012913 0.019737
0 0.669163 0.246711 0.044938 0.041118
0 0.618285 0.275905 0.035124 0.015625
1 0.203254 0.118010 0.025310 0.037007
1 0.333936 0.092105 0.022211 0.036184
1 0.474174 0.096217 0.013430 0.023026
1 0.645403 0.114309 0.024277 0.037829
1 0.650052 0.168997 0.019112 0.025493
1 0.615702 0.152138 0.029959 0.034539
1 0.479081 0.164062 0.021178 0.038651
1 0.435176 0.160773 0.009814 0.018914
1 0.416839 0.193668 0.026860 0.051809
1 0.293130 0.157484 0.010847 0.017270
1 0.271436 0.248355 0.035640 0.026316
1 0.609246 0.210115 0.011880 0.017270
1 0.701705 0.244243 0.031508 0.047697
1 0.654700 0.274260 0.036674 0.018914
