0 0.249225 0.116365 0.031508 0.041941
0 0.375000 0.085115 0.028926 0.037007
0 0.512138 0.088405 0.022211 0.025493
0 0.672262 0.107319 0.051136 0.035362
0 0.693957 0.162007 0.025310 0.024671
0 0.652634 0.147204 0.033574 0.031250
0 0.521178 0.157484 0.028926 0.037007
0 0.481921 0.151727 0.013430 0.018914
0 0.337035 0.150905 0.026343 0.020559
0 0.454545 0.192434 0.044421 0.052632
0 0.660124 0.201891 0.013430 0.018914
0 0.731921 0.236020 0.043388 0.044408
0 0.689308 0.264391 0.032541 0.013980
1 0.250000 0.099918 0.027893 0.032072
1 0.378616 0.077714 0.024793 0.035362
1 0.521178 0.082648 0.012397 0.023849
1 0.684401 0.101974 0.041322 0.037829
1 0.702996 0.155839 0.020661 0.022204
1 0.666839 0.141036 0.030992 0.035362
1 0.532025 0.150493 0.020661 0.039474
1 0.488120 0.147204 0.009298 0.018092
1 0.339101 0.142270 0.023244 0.014803
1 0.472624 0.180510 0.025826 0.051809
1 0.668647 0.197780 0.010847 0.017270
1 0.764463 0.233141 0.026860 0.048520
1 0.722366 0.262747 0.033574 0.017270
