0 0.246643 0.112664 0.031508 0.042763
0 0.372676 0.081826 0.028409 0.037007
0 0.510589 0.084293 0.022211 0.025493
0 0.671229 0.104852 0.050103 0.037007
0 0.692665 0.157895 0.024793 0.026316
0 0.650568 0.142270 0.032541 0.031250
0 0.520403 0.153783 0.027376 0.036184
0 0.480372 0.148438 0.013430 0.018914
0 0.335744 0.146793 0.024793 0.020559
0 0.452738 0.189145 0.043905 0.050987
0 0.658574 0.197780 0.013430 0.018914
0 0.731921 0.231497 0.044421 0.041941
0 0.693698 0.261924 0.028926 0.013980
1 0.346849 0.075658 0.027376 0.032895
1 0.322314 0.145559 0.026860 0.019737
1 0.231147 0.109786 0.010847 0.040296
1 0.497159 0.079770 0.017045 0.021382
1 0.651343 0.098273 0.038223 0.033717
1 0.622417 0.135691 0.036157 0.031250
1 0.491994 0.148438 0.036674 0.033717
1 0.465393 0.147615 0.018595 0.018914
1 0.414256 0.183388 0.053719 0.047697
1 0.285124 0.237253 0.043388 0.028783
1 0.647211 0.195312 0.014463 0.013980
1 0.676395 0.150493 0.017045 0.014803
1 0.714360 0.224507 0.029959 0.027961
1 0.655733 0.261924 0.033574 0.012336
