0 0.250000 0.114309 0.030992 0.046053
0 0.375258 0.084293 0.026343 0.035362
0 0.513171 0.087582 0.022211 0.025493
0 0.673812 0.109375 0.051136 0.037829
0 0.694215 0.163240 0.024793 0.025493
0 0.652634 0.146382 0.032541 0.031250
0 0.521436 0.157895 0.027376 0.036184
0 0.482955 0.152549 0.013430 0.018914
0 0.337552 0.149260 0.025310 0.020559
0 0.454804 0.191612 0.043905 0.050987
0 0.660124 0.201069 0.014463 0.020559
0 0.734762 0.235609 0.042872 0.041941
0 0.692665 0.263980 0.034091 0.018092
1 0.348915 0.078536 0.028409 0.033717
1 0.322831 0.147204 0.025826 0.023026
1 0.232180 0.111431 0.009814 0.037007
1 0.499742 0.083470 0.018079 0.020559
1 0.652893 0.101562 0.038223 0.033717
1 0.622934 0.138158 0.036157 0.031250
1 0.494060 0.152549 0.036674 0.033717
1 0.466942 0.150493 0.019628 0.021382
1 0.415289 0.186266 0.053719 0.050164
1 0.286415 0.239309 0.043905 0.032895
1 0.647727 0.199424 0.014463 0.013980
1 0.677428 0.155428 0.017045 0.018092
1 0.715909 0.228618 0.029959 0.029605
1 0.656508 0.264391 0.035124 0.017270
