0 0.198089 0.127878 0.030475 0.046875
0 0.325155 0.097451 0.026343 0.035362
0 0.465651 0.099918 0.022211 0.023849
0 0.622159 0.117599 0.050103 0.034539
0 0.637913 0.171875 0.025826 0.021382
0 0.596591 0.156250 0.034091 0.029605
0 0.465909 0.167763 0.027893 0.031250
0 0.428202 0.164062 0.012397 0.017270
0 0.393853 0.203536 0.043905 0.048520
0 0.285640 0.161184 0.033058 0.016447
0 0.263946 0.252878 0.047521 0.027138
0 0.599690 0.213405 0.015496 0.015625
0 0.668647 0.242599 0.043905 0.041118
0 0.618802 0.276316 0.034091 0.014803
1 0.174329 0.148438 0.039773 0.038651
1 0.271694 0.183388 0.036157 0.027961
1 0.296229 0.123355 0.051136 0.029605
1 0.459969 0.117599 0.023244 0.016447
1 0.627066 0.145559 0.057851 0.021382
1 0.643079 0.193257 0.033058 0.026316
1 0.602014 0.189145 0.045971 0.037829
1 0.459711 0.196135 0.035124 0.043586
1 0.422779 0.181743 0.021178 0.019737
1 0.254649 0.275082 0.056818 0.020559
1 0.378357 0.253701 0.055269 0.060033
1 0.602273 0.231086 0.018595 0.023026
1 0.677428 0.270559 0.048037 0.027961
