0 0.247159 0.112253 0.032541 0.041941
0 0.373450 0.083059 0.026860 0.034539
0 0.511622 0.088405 0.023244 0.027138
0 0.671229 0.108964 0.050103 0.035362
0 0.693182 0.160773 0.022727 0.025493
0 0.651601 0.144737 0.032541 0.031250
0 0.520661 0.157072 0.027893 0.034539
0 0.481405 0.151727 0.013430 0.018914
0 0.335744 0.149260 0.024793 0.020559
0 0.454287 0.191201 0.044938 0.048520
0 0.659607 0.201069 0.013430 0.018914
0 0.733213 0.233553 0.047004 0.039474
0 0.691632 0.265625 0.033058 0.014803
1 0.413998 0.094984 0.083161 0.020559
1 0.547262 0.093750 0.059401 0.014803
1 0.736054 0.117188 0.094008 0.015625
1 0.714360 0.162418 0.100207 0.015625
1 0.737087 0.172697 0.082645 0.011513
1 0.821281 0.261924 0.155992 0.023849
1 0.700155 0.211760 0.070764 0.022204
1 0.565857 0.172286 0.081095 0.018914
1 0.533058 0.216283 0.145661 0.032895
1 0.496643 0.159951 0.021178 0.012336
1 0.364928 0.157072 0.040806 0.009868
1 0.361312 0.248766 0.042872 0.022204
