0 0.248709 0.113898 0.032541 0.041941
0 0.372934 0.085938 0.028926 0.040296
0 0.511364 0.087993 0.023760 0.027961
0 0.672521 0.107730 0.050620 0.032895
0 0.693957 0.160773 0.026343 0.022204
0 0.651601 0.145148 0.033574 0.028783
0 0.520403 0.157484 0.029442 0.033717
0 0.481921 0.150905 0.013430 0.017270
0 0.338326 0.148849 0.029959 0.021382
0 0.453254 0.189145 0.044938 0.050987
0 0.661157 0.198602 0.013430 0.018914
0 0.733988 0.232319 0.044421 0.037007
0 0.693698 0.264391 0.033058 0.013980
1 0.226498 0.132812 0.038740 0.037007
1 0.341684 0.108964 0.039773 0.030428
1 0.510331 0.104030 0.023760 0.015625
1 0.678977 0.134457 0.060434 0.022204
1 0.699638 0.182977 0.036674 0.022204
1 0.658316 0.171875 0.044938 0.039474
1 0.515238 0.189967 0.034607 0.036184
1 0.479081 0.168174 0.020145 0.018914
1 0.441116 0.237664 0.050620 0.067434
1 0.667872 0.215461 0.025826 0.024671
1 0.740961 0.258224 0.051136 0.026316
1 0.325671 0.170641 0.035640 0.027138
