0 0.114153 0.315789 0.040289 0.044408
0 0.324122 0.187911 0.051136 0.068257
0 0.018079 0.715461 0.035124 0.055921
0 0.217459 0.602796 0.057851 0.069079
0 0.490702 0.203947 0.029959 0.031250
0 0.451446 0.222862 0.036157 0.050987
0 0.410382 0.356086 0.054236 0.067434
0 0.339876 0.396793 0.029959 0.037007
0 0.661157 0.648849 0.075413 0.090461
0 0.556043 0.438734 0.053202 0.097862
0 0.720816 0.221217 0.049070 0.060855
0 0.888430 0.274260 0.056818 0.078125
0 0.830320 0.821135 0.100723 0.125822
0 0.611054 0.254934 0.018595 0.027961
1 0.134298 0.336760 0.059917 0.038651
1 0.364928 0.204359 0.102789 0.038651
1 0.530733 0.218339 0.076963 0.018914
1 0.512138 0.245066 0.120351 0.036184
1 0.475723 0.382401 0.118802 0.054276
1 0.373967 0.414062 0.061983 0.040296
1 0.262913 0.641036 0.104339 0.081414
1 0.757748 0.703125 0.152893 0.146382
1 0.676911 0.491776 0.238120 0.097039
1 0.643337 0.261924 0.057335 0.023849
1 0.797004 0.243832 0.129132 0.028783
1 0.943698 0.297697 0.112603 0.044408
1 0.918647 0.856497 0.131715 0.109375
