0 0.051136 0.482730 0.076446 0.077303
0 0.194215 0.300576 0.038223 0.043586
0 0.393337 0.173931 0.049070 0.066612
0 0.567407 0.191612 0.022211 0.031250
0 0.526860 0.211349 0.036157 0.054276
0 0.497159 0.337171 0.053202 0.057566
0 0.430269 0.383635 0.029959 0.035362
0 0.325155 0.589638 0.064566 0.067434
0 0.797521 0.208059 0.051653 0.064145
0 0.654442 0.426809 0.054752 0.100329
0 0.779442 0.634046 0.071281 0.087171
0 0.968750 0.262336 0.055269 0.075658
0 0.690083 0.243421 0.018595 0.026316
0 0.956353 0.807155 0.087293 0.119243
0 0.111570 0.699013 0.098140 0.055921
