0 0.114153 0.315789 0.040289 0.044408
0 0.324122 0.187911 0.051136 0.068257
0 0.018079 0.715461 0.035124 0.055921
0 0.217459 0.602796 0.057851 0.069079
0 0.490702 0.203947 0.029959 0.031250
0 0.451446 0.222862 0.036157 0.050987
0 0.410382 0.356086 0.054236 0.067434
0 0.339876 0.396793 0.029959 0.037007
0 0.661157 0.648849 0.075413 0.090461
0 0.556043 0.438734 0.053202 0.097862
0 0.720816 0.221217 0.049070 0.060855
0 0.888430 0.274260 0.056818 0.078125
0 0.830320 0.821135 0.100723 0.125822
0 0.611054 0.254934 0.018595 0.027961
1 0.048554 0.336760 0.096074 0.035362
1 0.244835 0.209293 0.114669 0.045230
1 0.363378 0.248355 0.149277 0.036184
1 0.447572 0.218339 0.066632 0.020559
1 0.311467 0.384457 0.166322 0.043586
1 0.291839 0.418174 0.084711 0.028783
1 0.147986 0.627056 0.120351 0.066612
1 0.584194 0.717928 0.150826 0.133224
1 0.408833 0.495477 0.277376 0.112664
1 0.576705 0.263158 0.053202 0.016447
1 0.664773 0.238076 0.079545 0.027138
1 0.822056 0.292763 0.105888 0.036184
1 0.787707 0.864309 0.140496 0.136513
