0 0.051136 0.482730 0.076446 0.077303
0 0.194215 0.300576 0.038223 0.043586
0 0.393337 0.173931 0.049070 0.066612
0 0.567407 0.191612 0.022211 0.031250
0 0.526860 0.211349 0.036157 0.054276
0 0.497159 0.337171 0.053202 0.057566
0 0.428719 0.383224 0.026860 0.034539
0 0.325155 0.589638 0.064566 0.067434
0 0.797521 0.208059 0.051653 0.064145
0 0.654442 0.426809 0.054752 0.100329
0 0.779442 0.634046 0.071281 0.087171
0 0.968750 0.262336 0.055269 0.075658
0 0.690083 0.243421 0.018595 0.026316
1 0.086002 0.437500 0.079029 0.111842
1 0.209969 0.275493 0.033574 0.057566
1 0.414256 0.145970 0.033058 0.071546
1 0.549845 0.188322 0.042872 0.075658
1 0.579029 0.178043 0.022727 0.043586
1 0.517820 0.314145 0.044938 0.080592
1 0.444990 0.365543 0.028409 0.053454
1 0.349948 0.555921 0.057335 0.070724
1 0.801136 0.614309 0.066116 0.103618
1 0.693182 0.379934 0.073347 0.139803
1 0.703771 0.227385 0.026343 0.041941
1 0.822572 0.186678 0.054236 0.085526
1 0.983471 0.240954 0.033058 0.111842
