0 0.051136 0.482730 0.076446 0.077303
0 0.194215 0.300576 0.038223 0.043586
0 0.393337 0.173931 0.049070 0.066612
0 0.567407 0.191612 0.022211 0.031250
0 0.527118 0.208882 0.035640 0.049342
0 0.497676 0.340461 0.052169 0.064145
0 0.430269 0.383224 0.029959 0.034539
0 0.332903 0.590049 0.049070 0.068257
0 0.796746 0.209704 0.047004 0.060855
0 0.654442 0.426809 0.054752 0.100329
0 0.779442 0.634046 0.071281 0.087171
0 0.956095 0.806332 0.087810 0.117599
0 0.970558 0.262336 0.058884 0.075658
0 0.690083 0.243421 0.018595 0.026316
0 0.111570 0.695312 0.097107 0.056743
1 0.027893 0.513569 0.054752 0.055099
1 0.130940 0.321546 0.105888 0.037829
1 0.313275 0.193668 0.117252 0.045230
1 0.436725 0.235197 0.149277 0.034539
1 0.519112 0.203947 0.069215 0.016447
1 0.402893 0.370477 0.160124 0.043586
1 0.385589 0.402549 0.092459 0.025493
1 0.260847 0.608141 0.123967 0.081414
1 0.533574 0.470395 0.232438 0.090461
1 0.655475 0.250411 0.055785 0.015625
1 0.742769 0.226562 0.084711 0.027138
1 0.909349 0.282072 0.085227 0.036184
1 0.713068 0.700658 0.149277 0.138158
1 0.929236 0.848684 0.140496 0.136513
