0 0.051136 0.482730 0.076446 0.077303
0 0.194215 0.300576 0.038223 0.043586
0 0.393337 0.173931 0.049070 0.066612
0 0.567407 0.191612 0.022211 0.031250
0 0.527118 0.208882 0.035640 0.049342
0 0.497676 0.340461 0.052169 0.064145
0 0.430269 0.383224 0.029959 0.034539
0 0.332903 0.590049 0.049070 0.068257
0 0.796746 0.209704 0.047004 0.060855
0 0.654442 0.426809 0.054752 0.100329
0 0.779442 0.634046 0.071281 0.087171
0 0.956095 0.806332 0.087810 0.117599
0 0.970558 0.262336 0.058884 0.075658
0 0.690083 0.243421 0.018595 0.026316
0 0.111570 0.695312 0.097107 0.056743
