0 0.114153 0.315789 0.040289 0.044408
0 0.324122 0.187911 0.051136 0.068257
0 0.217459 0.602796 0.057851 0.069079
0 0.490702 0.203947 0.029959 0.031250
0 0.451446 0.222862 0.036157 0.050987
0 0.410382 0.356086 0.054236 0.067434
0 0.339876 0.396793 0.029959 0.037007
0 0.661157 0.648849 0.075413 0.090461
0 0.556043 0.438734 0.053202 0.097862
0 0.720816 0.221217 0.049070 0.060855
0 0.888430 0.274260 0.056818 0.078125
0 0.611054 0.254934 0.018595 0.027961
0 0.018337 0.714227 0.035640 0.053454
0 0.828771 0.822368 0.101756 0.123355
1 0.062500 0.321546 0.070248 0.049342
1 0.260331 0.187911 0.100207 0.066612
1 0.451188 0.204770 0.061467 0.029605
1 0.385331 0.222451 0.098140 0.046875
1 0.320248 0.362664 0.145661 0.059211
1 0.286157 0.400082 0.082645 0.025493
1 0.152634 0.611020 0.085227 0.054276
1 0.579545 0.660362 0.162190 0.075658
1 0.426911 0.448191 0.217459 0.078947
1 0.579029 0.254523 0.046488 0.022204
1 0.660124 0.219161 0.078512 0.056743
1 0.804494 0.269326 0.124483 0.058388
