0 0.114153 0.315789 0.040289 0.044408
0 0.324122 0.187911 0.051136 0.068257
0 0.217459 0.602796 0.057851 0.069079
0 0.490702 0.203947 0.029959 0.031250
0 0.451446 0.222862 0.036157 0.050987
0 0.410382 0.356086 0.054236 0.067434
0 0.339876 0.396793 0.029959 0.037007
0 0.661157 0.648849 0.075413 0.090461
0 0.556043 0.438734 0.053202 0.097862
0 0.720816 0.221217 0.049070 0.060855
0 0.888430 0.274260 0.056818 0.078125
0 0.611054 0.254934 0.018595 0.027961
1 0.019886 0.444901 0.038740 0.095395
1 0.134814 0.291118 0.037190 0.057566
1 0.348915 0.159128 0.038740 0.073191
1 0.509814 0.192023 0.025826 0.043586
1 0.480372 0.201891 0.046488 0.073191
1 0.435692 0.326480 0.044938 0.080592
1 0.358213 0.377878 0.031508 0.055099
1 0.247417 0.566612 0.054752 0.062500
1 0.628616 0.238487 0.028926 0.039474
1 0.753616 0.198191 0.057851 0.085526
1 0.603306 0.395970 0.079545 0.145559
1 0.683110 0.629934 0.064566 0.110197
1 0.920196 0.239720 0.063533 0.112664
