0 0.092459 0.633635 0.077479 0.069901
0 0.191632 0.379523 0.02376 0.025493
0 0.333161 0.505345 0.073347 0.084704
0 0.457386 0.409539 0.04907 0.072368
0 0.399793 0.382812 0.019628 0.025493
0 0.259556 0.240132 0.036674 0.050987
0 0.466426 0.248355 0.040289 0.034539
0 0.676395 0.514803 0.023244 0.034539
0 0.520919 0.779194 0.16064 0.300164
0 0.735795 0.814967 0.102789 0.143092
0 0.663998 0.382401 0.053202 0.052632
0 0.697314 0.289474 0.081612 0.047697
0 0.729855 0.405016 0.03719 0.035362
0 0.802944 0.615543 0.082128 0.084704
1 0.161415 0.646793 0.059401 0.056743
1 0.228822 0.391447 0.05062 0.03125
1 0.326446 0.253701 0.109504 0.032072
1 0.448864 0.392681 0.080579 0.015625
1 0.533833 0.42722 0.119318 0.037007
1 0.464876 0.548931 0.243802 0.07977
1 0.677169 0.908717 0.160124 0.078947
1 0.520661 0.247533 0.081612 0.03125
1 0.797521 0.301398 0.133264 0.038651
1 0.770145 0.394737 0.170455 0.026316
1 0.796229 0.418997 0.108988 0.028783
1 0.749483 0.530839 0.128099 0.043586
1 0.911674 0.664885 0.176653 0.078125
1 0.872159 0.893503 0.255682 0.148849
