0 0.51937 0.759046 0.169938 0.261513
0 0.096849 0.63199 0.085227 0.061678
0 0.331612 0.507812 0.077479 0.092928
0 0.182335 0.38528 0.048554 0.038651
0 0.065083 0.315789 0.053719 0.069079
0 0.264205 0.247122 0.042872 0.056743
0 0.399793 0.38199 0.027893 0.033717
0 0.452738 0.405016 0.043905 0.058388
0 0.461777 0.245066 0.03719 0.034539
0 0.665806 0.376234 0.053719 0.046875
0 0.694215 0.29523 0.083678 0.046053
0 0.731147 0.410362 0.044938 0.042763
0 0.801911 0.611431 0.081095 0.084704
0 0.734762 0.793586 0.08936 0.090461
