0 0.328771 0.231086 0.036674 0.060855
0 0.198864 0.619655 0.073347 0.064967
0 0.432335 0.497533 0.071281 0.09375
0 0.481405 0.369655 0.019628 0.022204
0 0.542872 0.393503 0.051653 0.068257
0 0.53125 0.232319 0.037707 0.038651
0 0.269886 0.36801 0.034607 0.037007
0 0.664773 0.768092 0.174587 0.310855
0 0.748192 0.366776 0.054236 0.052632
0 0.769628 0.277138 0.082645 0.055921
0 0.81405 0.394737 0.033058 0.036184
0 0.772727 0.502056 0.02376 0.035362
0 0.908316 0.598684 0.083161 0.080592
0 0.865444 0.801809 0.093492 0.129934
