0 0.666839 0.73602 0.159091 0.236842
0 0.206612 0.620477 0.082645 0.066612
0 0.431818 0.494243 0.071281 0.092105
0 0.483213 0.371299 0.028409 0.030428
0 0.537448 0.391859 0.055269 0.050164
0 0.260331 0.370477 0.043388 0.033717
0 0.134298 0.304688 0.055785 0.066612
0 0.333161 0.228618 0.043388 0.055921
0 0.531508 0.231908 0.036157 0.032895
0 0.770919 0.278372 0.082128 0.055099
0 0.750517 0.362664 0.052686 0.042763
0 0.813017 0.396382 0.040289 0.041118
0 0.905992 0.601974 0.081612 0.092105
0 0.859762 0.78125 0.074897 0.075658
1 0.220558 0.577714 0.079545 0.087993
1 0.147469 0.259046 0.061467 0.080592
1 0.270403 0.352796 0.053202 0.044408
1 0.342975 0.209704 0.040289 0.064145
1 0.445506 0.43051 0.081095 0.119243
1 0.491477 0.349507 0.019112 0.039474
1 0.558884 0.350329 0.044421 0.082237
1 0.536415 0.212171 0.023244 0.037829
1 0.719525 0.540707 0.16219 0.487664
1 0.75749 0.325658 0.055269 0.054276
1 0.776343 0.249589 0.082645 0.068257
1 0.822572 0.36801 0.044938 0.040296
1 0.922004 0.565378 0.092975 0.112664
1 0.875258 0.700247 0.094525 0.130757
