0 0.516787 0.776316 0.165806 0.282895
0 0.100207 0.631579 0.089876 0.060855
0 0.332386 0.501234 0.07593 0.07977
0 0.457128 0.404605 0.044421 0.0625
0 0.66374 0.377878 0.056818 0.046875
0 0.69499 0.287007 0.077996 0.054276
0 0.401085 0.384457 0.026343 0.028783
0 0.25594 0.246711 0.069731 0.060855
0 0.179494 0.379112 0.04907 0.03125
0 0.059917 0.313322 0.058884 0.057566
0 0.734762 0.812911 0.090393 0.124178
0 0.801395 0.614309 0.079029 0.088816
0 0.676136 0.513569 0.025826 0.032072
0 0.727789 0.40625 0.048554 0.042763
