0 0.516787 0.776316 0.165806 0.282895
0 0.100207 0.631579 0.089876 0.060855
0 0.332386 0.501234 0.07593 0.07977
0 0.457128 0.404605 0.044421 0.0625
0 0.66374 0.377878 0.056818 0.046875
0 0.69499 0.287007 0.077996 0.054276
0 0.401085 0.384457 0.026343 0.028783
0 0.25594 0.246711 0.069731 0.060855
0 0.179494 0.379112 0.04907 0.03125
0 0.059917 0.313322 0.058884 0.057566
0 0.734762 0.812911 0.090393 0.124178
0 0.801395 0.614309 0.079029 0.088816
0 0.676136 0.513569 0.025826 0.032072
0 0.727789 0.40625 0.048554 0.042763
1 0.066116 0.709293 0.131198 0.10773
1 0.291064 0.643914 0.12655 0.197368
1 0.447056 0.466283 0.054236 0.09375
1 0.39282 0.422697 0.034607 0.039474
1 0.155217 0.427632 0.07593 0.054276
1 0.040031 0.355674 0.079029 0.064967
1 0.222624 0.288651 0.090909 0.041118
1 0.668905 0.442845 0.081612 0.086349
1 0.712293 0.335938 0.083678 0.04523
1 0.741994 0.449836 0.060434 0.055921
1 0.686725 0.557566 0.034607 0.054276
1 0.848915 0.73972 0.148244 0.162007
1 0.760331 0.896793 0.113636 0.07648
1 0.503099 0.952714 0.131198 0.094572
