0 0.670455 0.767681 0.154959 0.305099
0 0.428977 0.493421 0.07593 0.087171
0 0.209452 0.619655 0.087293 0.058388
0 0.481147 0.371299 0.024277 0.030428
0 0.538998 0.395148 0.048037 0.064967
0 0.258781 0.367188 0.052686 0.033717
0 0.326705 0.233141 0.055269 0.058388
0 0.134556 0.299342 0.056302 0.049342
0 0.749742 0.366776 0.055269 0.054276
0 0.768853 0.278372 0.083161 0.058388
0 0.774019 0.498766 0.030475 0.028783
0 0.814308 0.393092 0.047004 0.034539
0 0.902893 0.609786 0.089876 0.083059
0 0.866477 0.796053 0.091426 0.125
0 0.050103 0.757812 0.067149 0.04852
1 0.156767 0.710526 0.158574 0.131579
1 0.031767 0.821546 0.0625 0.065789
1 0.401085 0.625822 0.105888 0.192434
1 0.243027 0.411595 0.063533 0.050164
1 0.101756 0.337993 0.079545 0.069079
1 0.290289 0.280016 0.084711 0.041941
1 0.47624 0.403372 0.02686 0.040296
1 0.534349 0.462171 0.054236 0.075658
1 0.669421 0.926809 0.141529 0.146382
1 0.787448 0.325247 0.090393 0.041941
1 0.758006 0.435033 0.085227 0.078947
1 0.827738 0.432977 0.0625 0.058388
1 0.780733 0.54153 0.03874 0.051809
1 0.94499 0.719161 0.110021 0.132401
1 0.886622 0.896793 0.121384 0.089638
