0 0.063791 0.321135 0.048037 0.066612
0 0.09969 0.632812 0.079545 0.068257
0 0.332645 0.506168 0.076446 0.089638
0 0.184659 0.383224 0.03874 0.042763
0 0.266271 0.245888 0.040806 0.054276
0 0.400826 0.38199 0.024793 0.028783
0 0.454545 0.405839 0.048554 0.061678
0 0.515754 0.753701 0.167872 0.249178
0 0.463326 0.246711 0.036157 0.037829
0 0.664773 0.381168 0.052686 0.056743
0 0.696798 0.288651 0.078512 0.050987
0 0.731921 0.409128 0.041322 0.040296
0 0.674329 0.514803 0.02531 0.034539
0 0.801136 0.613487 0.081612 0.087171
0 0.735279 0.799753 0.090393 0.096217
