0 0.868543 0.80222 0.091426 0.130757
0 0.667355 0.761513 0.174587 0.287829
0 0.908058 0.602385 0.079545 0.089638
0 0.772469 0.501645 0.024277 0.036184
0 0.815083 0.393092 0.043388 0.050987
0 0.747417 0.367188 0.052686 0.056743
0 0.433626 0.491365 0.072831 0.091283
0 0.541581 0.388158 0.047004 0.057566
0 0.482438 0.369655 0.025826 0.030428
0 0.768337 0.274671 0.077996 0.054276
0 0.530217 0.228207 0.039773 0.032072
0 0.207386 0.615954 0.084194 0.057566
0 0.261105 0.367599 0.040806 0.036184
0 0.332386 0.230674 0.041839 0.051809
0 0.136622 0.301809 0.051136 0.070724
0 0.061983 0.780016 0.109504 0.106086
1 0.027893 0.723684 0.054752 0.067434
1 0.155733 0.591694 0.093492 0.091283
1 0.413481 0.600329 0.431302 0.488487
1 0.378616 0.450247 0.092975 0.127467
1 0.243285 0.355263 0.042355 0.047697
1 0.116994 0.290296 0.024277 0.074013
1 0.459452 0.358964 0.030475 0.040296
1 0.50439 0.366365 0.058368 0.089638
1 0.30062 0.216283 0.041322 0.077303
1 0.513688 0.217928 0.026343 0.047697
1 0.803461 0.740132 0.093492 0.151316
1 0.748709 0.48273 0.027376 0.044408
1 0.704029 0.333059 0.068182 0.088816
1 0.74251 0.25 0.063533 0.065789
1 0.791581 0.368421 0.044938 0.049342
1 0.872159 0.557155 0.051136 0.07977
