0 0.092459 0.633635 0.077479 0.069901
0 0.191632 0.379523 0.02376 0.025493
0 0.333161 0.505345 0.073347 0.084704
0 0.457386 0.409539 0.04907 0.072368
0 0.399793 0.382812 0.019628 0.025493
0 0.259556 0.240132 0.036674 0.050987
0 0.466426 0.248355 0.040289 0.034539
0 0.676395 0.514803 0.023244 0.034539
0 0.520919 0.779194 0.16064 0.300164
0 0.735795 0.814967 0.102789 0.143092
0 0.663998 0.382401 0.053202 0.052632
0 0.697314 0.289474 0.081612 0.047697
0 0.729855 0.405016 0.03719 0.035362
0 0.802944 0.615543 0.082128 0.084704
