0 0.063791 0.321135 0.048037 0.066612
0 0.09969 0.632812 0.079545 0.068257
0 0.332645 0.506168 0.076446 0.089638
0 0.184659 0.383224 0.03874 0.042763
0 0.266271 0.245888 0.040806 0.054276
0 0.400826 0.38199 0.024793 0.028783
0 0.454545 0.405839 0.048554 0.061678
0 0.515754 0.753701 0.167872 0.249178
0 0.463326 0.246711 0.036157 0.037829
0 0.664773 0.381168 0.052686 0.056743
0 0.696798 0.288651 0.078512 0.050987
0 0.731921 0.409128 0.041322 0.040296
0 0.674329 0.514803 0.02531 0.034539
0 0.801136 0.613487 0.081612 0.087171
0 0.735279 0.799753 0.090393 0.096217
1 0.059917 0.604852 0.090909 0.081414
1 0.046488 0.311266 0.025826 0.083059
1 0.169938 0.370066 0.042355 0.044408
1 0.29468 0.608141 0.350723 0.476151
1 0.295196 0.463816 0.073864 0.120066
1 0.23657 0.231497 0.030992 0.069901
1 0.381973 0.368421 0.02531 0.044408
1 0.423037 0.377878 0.052686 0.092928
1 0.449897 0.229852 0.02376 0.040296
1 0.680269 0.754934 0.084711 0.144737
1 0.659091 0.498355 0.021694 0.041118
1 0.628099 0.348273 0.068182 0.081414
1 0.669938 0.267681 0.067149 0.073191
1 0.710227 0.384457 0.036157 0.043586
1 0.775052 0.56949 0.059401 0.07648
