0 0.868543 0.80222 0.091426 0.130757
0 0.667355 0.761513 0.174587 0.287829
0 0.908058 0.602385 0.079545 0.089638
0 0.772469 0.501645 0.024277 0.036184
0 0.815083 0.393092 0.043388 0.050987
0 0.747417 0.367188 0.052686 0.056743
0 0.433626 0.491365 0.072831 0.091283
0 0.541581 0.388158 0.047004 0.057566
0 0.482438 0.369655 0.025826 0.030428
0 0.768337 0.274671 0.077996 0.054276
0 0.530217 0.228207 0.039773 0.032072
0 0.207386 0.615954 0.084194 0.057566
0 0.261105 0.367599 0.040806 0.036184
0 0.332386 0.230674 0.041839 0.051809
0 0.136622 0.301809 0.051136 0.070724
0 0.061983 0.780016 0.109504 0.106086
