0 0.670455 0.767681 0.154959 0.305099
0 0.428977 0.493421 0.07593 0.087171
0 0.209452 0.619655 0.087293 0.058388
0 0.481147 0.371299 0.024277 0.030428
0 0.538998 0.395148 0.048037 0.064967
0 0.258781 0.367188 0.052686 0.033717
0 0.326705 0.233141 0.055269 0.058388
0 0.134556 0.299342 0.056302 0.049342
0 0.749742 0.366776 0.055269 0.054276
0 0.768853 0.278372 0.083161 0.058388
0 0.774019 0.498766 0.030475 0.028783
0 0.814308 0.393092 0.047004 0.034539
0 0.902893 0.609786 0.089876 0.083059
0 0.866477 0.796053 0.091426 0.125
0 0.050103 0.757812 0.067149 0.04852
