0 0.328771 0.231086 0.036674 0.060855
0 0.198864 0.619655 0.073347 0.064967
0 0.432335 0.497533 0.071281 0.09375
0 0.481405 0.369655 0.019628 0.022204
0 0.542872 0.393503 0.051653 0.068257
0 0.53125 0.232319 0.037707 0.038651
0 0.269886 0.36801 0.034607 0.037007
0 0.664773 0.768092 0.174587 0.310855
0 0.748192 0.366776 0.054236 0.052632
0 0.769628 0.277138 0.082645 0.055921
0 0.81405 0.394737 0.033058 0.036184
0 0.772727 0.502056 0.02376 0.035362
0 0.908316 0.598684 0.083161 0.080592
0 0.865444 0.801809 0.093492 0.129934
1 0.266787 0.631579 0.065599 0.059211
1 0.314308 0.373766 0.051136 0.032072
1 0.568182 0.530839 0.237603 0.074836
1 0.616994 0.415296 0.116219 0.042763
1 0.5328 0.381579 0.073864 0.018092
1 0.395661 0.243421 0.105372 0.047697
1 0.585486 0.240132 0.072831 0.021382
1 0.839876 0.383635 0.170455 0.023849
1 0.873709 0.402549 0.107955 0.01727
1 0.852531 0.523849 0.135847 0.041118
1 0.958678 0.638158 0.082645 0.0625
1 0.826963 0.89597 0.161157 0.089638
1 0.941374 0.855263 0.114153 0.123355
1 0.863895 0.287418 0.135847 0.033717
