0 0.666839 0.73602 0.159091 0.236842
0 0.206612 0.620477 0.082645 0.066612
0 0.431818 0.494243 0.071281 0.092105
0 0.483213 0.371299 0.028409 0.030428
0 0.537448 0.391859 0.055269 0.050164
0 0.260331 0.370477 0.043388 0.033717
0 0.134298 0.304688 0.055785 0.066612
0 0.333161 0.228618 0.043388 0.055921
0 0.531508 0.231908 0.036157 0.032895
0 0.770919 0.278372 0.082128 0.055099
0 0.750517 0.362664 0.052686 0.042763
0 0.813017 0.396382 0.040289 0.041118
0 0.905992 0.601974 0.081612 0.092105
0 0.859762 0.78125 0.074897 0.075658
