0 0.372934 0.125 0.046488 0.046053
0 0.239153 0.182155 0.045455 0.030428
0 0.485795 0.147615 0.079029 0.094572
0 0.443182 0.089227 0.032025 0.040296
0 0.406767 0.084704 0.014979 0.018092
0 0.305785 0.022204 0.027893 0.037829
0 0.267304 0.092928 0.019112 0.024671
0 0.444473 0.018092 0.026343 0.021382
0 0.595558 0.186266 0.033058 0.020559
0 0.65031 0.161184 0.045455 0.041118
0 0.580837 0.124589 0.016012 0.018914
0 0.577738 0.069079 0.03874 0.032895
0 0.619835 0.082237 0.028926 0.026316
0 0.604339 0.033717 0.054752 0.032895
