0 0.176911 0.061266 0.029442 0.043586
0 0.241994 0.180921 0.048037 0.032895
0 0.264979 0.087993 0.02376 0.018092
0 0.374225 0.125822 0.044938 0.052632
0 0.305269 0.018914 0.030992 0.032895
0 0.408058 0.08347 0.017562 0.018914
0 0.442149 0.088816 0.038223 0.034539
0 0.445248 0.017681 0.022727 0.027138
0 0.484762 0.14597 0.073864 0.106086
0 0.580062 0.124589 0.01343 0.018914
0 0.579287 0.069079 0.032541 0.034539
0 0.605114 0.030839 0.055269 0.032072
0 0.620093 0.083059 0.02531 0.024671
0 0.651085 0.156661 0.043905 0.038651
0 0.606147 0.187089 0.044938 0.018914
1 0.201705 0.182155 0.043905 0.028783
1 0.163481 0.059622 0.017045 0.04523
1 0.251291 0.087582 0.020145 0.01727
1 0.337552 0.145559 0.233988 0.116776
1 0.33936 0.120477 0.049587 0.04852
1 0.283574 0.023438 0.028926 0.04523
1 0.391787 0.083059 0.014979 0.021382
1 0.419421 0.082237 0.035124 0.034539
1 0.434401 0.016036 0.014463 0.025493
1 0.551136 0.062911 0.033058 0.033717
1 0.564308 0.189145 0.02531 0.014803
1 0.572314 0.123355 0.015496 0.016447
1 0.586519 0.024671 0.040806 0.029605
1 0.604081 0.075658 0.012913 0.014803
1 0.635072 0.14926 0.031508 0.028783
