0 0.434659 0.110609 0.040806 0.043586
0 0.315857 0.167763 0.022211 0.027961
0 0.563017 0.136924 0.081612 0.106086
0 0.50155 0.07977 0.032025 0.041118
0 0.464101 0.07278 0.018079 0.023849
0 0.355372 0.013569 0.038223 0.025493
0 0.31999 0.074424 0.019112 0.01727
0 0.493543 0.008224 0.027376 0.014803
0 0.63249 0.056743 0.036674 0.032895
0 0.655733 0.020148 0.056302 0.033717
0 0.675362 0.068257 0.023244 0.024671
0 0.641529 0.113076 0.014463 0.015625
0 0.714101 0.151316 0.043905 0.046053
0 0.673554 0.178043 0.033058 0.01727
