0 0.176911 0.061266 0.029442 0.043586
0 0.241994 0.180921 0.048037 0.032895
0 0.264979 0.087993 0.02376 0.018092
0 0.374225 0.125822 0.044938 0.052632
0 0.305269 0.018914 0.030992 0.032895
0 0.408058 0.08347 0.017562 0.018914
0 0.442149 0.088816 0.038223 0.034539
0 0.445248 0.017681 0.022727 0.027138
0 0.484762 0.14597 0.073864 0.106086
0 0.580062 0.124589 0.01343 0.018914
0 0.579287 0.069079 0.032541 0.034539
0 0.605114 0.030839 0.055269 0.032072
0 0.620093 0.083059 0.02531 0.024671
0 0.651085 0.156661 0.043905 0.038651
0 0.606147 0.187089 0.044938 0.018914
