0 0.241994 0.182566 0.04907 0.026316
0 0.177169 0.055099 0.029959 0.036184
0 0.262655 0.092105 0.036674 0.023026
0 0.372676 0.125822 0.047004 0.050987
0 0.299587 0.020148 0.036157 0.033717
0 0.405992 0.08347 0.012397 0.018914
0 0.447056 0.088816 0.030475 0.034539
0 0.487603 0.145559 0.070248 0.111842
0 0.581353 0.125 0.013946 0.016447
0 0.580062 0.06949 0.03719 0.033717
0 0.618802 0.082648 0.033058 0.022204
0 0.605114 0.03125 0.056302 0.029605
0 0.648244 0.155428 0.05062 0.036184
1 0.236312 0.201891 0.053202 0.015625
1 0.156767 0.081003 0.056302 0.030428
1 0.288223 0.049753 0.061983 0.022204
1 0.247934 0.11102 0.042355 0.018092
1 0.356405 0.176398 0.057851 0.053454
1 0.4047 0.098273 0.016012 0.020559
1 0.440341 0.11801 0.031508 0.033717
1 0.476498 0.200658 0.064566 0.03125
1 0.586519 0.102796 0.045971 0.027961
1 0.608988 0.052632 0.06095 0.016447
1 0.583936 0.141859 0.014979 0.018914
1 0.626033 0.103618 0.032025 0.023026
1 0.652893 0.18051 0.053719 0.022204
