0 0.318957 0.16653 0.027376 0.032072
0 0.228048 0.043174 0.030475 0.04852
0 0.433368 0.110197 0.043388 0.049342
0 0.317665 0.077303 0.02376 0.021382
0 0.353822 0.014803 0.029959 0.027961
0 0.460744 0.06949 0.015496 0.018914
0 0.5 0.07278 0.030992 0.033717
0 0.5625 0.134868 0.072314 0.108553
0 0.491994 0.009046 0.030475 0.016447
0 0.640238 0.113898 0.012913 0.022204
0 0.671746 0.175576 0.030475 0.01398
0 0.632748 0.05551 0.035124 0.032072
0 0.6578 0.02097 0.054236 0.035362
0 0.676653 0.070312 0.02376 0.023849
0 0.71436 0.143092 0.046488 0.037829
1 0.402118 0.133224 0.252583 0.108553
1 0.396178 0.105263 0.053719 0.049342
1 0.301395 0.07278 0.026343 0.01727
1 0.211519 0.043997 0.012913 0.041941
1 0.250258 0.157895 0.016012 0.014803
1 0.328254 0.011924 0.024277 0.022204
1 0.447572 0.069901 0.018079 0.019737
1 0.472882 0.06949 0.033574 0.043586
1 0.48218 0.005345 0.018079 0.009046
1 0.606405 0.054276 0.036157 0.037829
1 0.637913 0.17722 0.042355 0.012336
1 0.628874 0.111431 0.010847 0.01727
1 0.635847 0.01398 0.036157 0.026316
1 0.663481 0.064967 0.021178 0.018092
1 0.698347 0.139803 0.032025 0.027961
