0 0.318957 0.16653 0.027376 0.032072
0 0.228048 0.043174 0.030475 0.04852
0 0.433368 0.110197 0.043388 0.049342
0 0.317665 0.077303 0.02376 0.021382
0 0.353822 0.014803 0.029959 0.027961
0 0.460744 0.06949 0.015496 0.018914
0 0.5 0.07278 0.030992 0.033717
0 0.5625 0.134868 0.072314 0.108553
0 0.491994 0.009046 0.030475 0.016447
0 0.640238 0.113898 0.012913 0.022204
0 0.671746 0.175576 0.030475 0.01398
0 0.632748 0.05551 0.035124 0.032072
0 0.6578 0.02097 0.054236 0.035362
0 0.676653 0.070312 0.02376 0.023849
0 0.71436 0.143092 0.046488 0.037829
