0 0.227531 0.045641 0.03564 0.040296
0 0.314566 0.076069 0.028926 0.023849
0 0.317924 0.168586 0.029442 0.03125
0 0.432076 0.112664 0.043905 0.052632
0 0.353306 0.012747 0.03719 0.023849
0 0.500258 0.073602 0.032541 0.033717
0 0.461002 0.069079 0.016012 0.014803
0 0.559401 0.133224 0.077479 0.110197
0 0.494576 0.009457 0.026343 0.01727
0 0.633264 0.056743 0.033058 0.03125
0 0.65625 0.019737 0.053202 0.034539
0 0.676911 0.071957 0.023244 0.025493
0 0.672004 0.175164 0.027893 0.016447
0 0.71436 0.143092 0.049587 0.041118
