0 0.22624 0.041118 0.030992 0.032895
0 0.315341 0.074424 0.030475 0.023849
0 0.434917 0.107319 0.043388 0.038651
0 0.317665 0.164885 0.019628 0.022204
0 0.497676 0.07648 0.037707 0.036184
0 0.461519 0.071546 0.013946 0.023026
0 0.562758 0.131168 0.066632 0.097862
0 0.711777 0.144737 0.049587 0.034539
0 0.674587 0.175164 0.028926 0.014803
0 0.642562 0.11102 0.015496 0.016447
0 0.634039 0.057155 0.037707 0.032072
0 0.655217 0.019737 0.054236 0.036184
0 0.67562 0.06949 0.028926 0.020559
1 0.207386 0.065378 0.042872 0.037007
1 0.307593 0.097451 0.034607 0.023849
1 0.312242 0.181332 0.022211 0.015625
1 0.421746 0.157895 0.058368 0.064145
1 0.458678 0.090872 0.01343 0.015625
1 0.49845 0.106908 0.034091 0.029605
1 0.55811 0.1875 0.067665 0.029605
1 0.641012 0.08676 0.051653 0.030428
1 0.681302 0.086349 0.034091 0.026316
1 0.663481 0.04523 0.060434 0.016447
1 0.645919 0.128701 0.022211 0.018914
1 0.719267 0.168997 0.057335 0.020559
