0 0.177428 0.061678 0.031508 0.041118
0 0.241994 0.182566 0.045971 0.026316
0 0.262138 0.092516 0.02531 0.022204
0 0.37345 0.128701 0.045455 0.055099
0 0.304236 0.022204 0.024793 0.036184
0 0.4078 0.082648 0.017045 0.01398
0 0.444473 0.085938 0.032541 0.033717
0 0.446539 0.019326 0.02531 0.022204
0 0.485021 0.145148 0.07438 0.104441
0 0.580062 0.068257 0.041322 0.032895
0 0.621901 0.084293 0.027893 0.023849
0 0.603564 0.030839 0.057335 0.032072
0 0.599948 0.183799 0.026343 0.010691
0 0.64876 0.15625 0.044421 0.041118
