0 0.227531 0.045641 0.03564 0.040296
0 0.314566 0.076069 0.028926 0.023849
0 0.317924 0.168586 0.029442 0.03125
0 0.432076 0.112664 0.043905 0.052632
0 0.353306 0.012747 0.03719 0.023849
0 0.500258 0.073602 0.032541 0.033717
0 0.461002 0.069079 0.016012 0.014803
0 0.559401 0.133224 0.077479 0.110197
0 0.494576 0.009457 0.026343 0.01727
0 0.633264 0.056743 0.033058 0.03125
0 0.65625 0.019737 0.053202 0.034539
0 0.676911 0.071957 0.023244 0.025493
0 0.672004 0.175164 0.027893 0.016447
0 0.71436 0.143092 0.049587 0.041118
1 0.228822 0.027549 0.034091 0.022204
1 0.323089 0.066612 0.017045 0.016447
1 0.319473 0.159951 0.031508 0.020559
1 0.363636 0.01028 0.017562 0.018914
1 0.453771 0.101151 0.028409 0.046053
1 0.471074 0.067845 0.010331 0.018914
1 0.514721 0.065789 0.020145 0.034539
1 0.503616 0.004112 0.01343 0.006579
1 0.63094 0.105263 0.083161 0.139803
1 0.647727 0.04852 0.027893 0.029605
1 0.688017 0.065378 0.024793 0.018914
1 0.70093 0.172286 0.039256 0.01727
1 0.746901 0.137336 0.027893 0.039474
1 0.681818 0.016447 0.020661 0.03125
