0 0.372934 0.125 0.046488 0.046053
0 0.239153 0.182155 0.045455 0.030428
0 0.485795 0.147615 0.079029 0.094572
0 0.443182 0.089227 0.032025 0.040296
0 0.406767 0.084704 0.014979 0.018092
0 0.305785 0.022204 0.027893 0.037829
0 0.267304 0.092928 0.019112 0.024671
0 0.444473 0.018092 0.026343 0.021382
0 0.595558 0.186266 0.033058 0.020559
0 0.65031 0.161184 0.045455 0.041118
0 0.580837 0.124589 0.016012 0.018914
0 0.577738 0.069079 0.03874 0.032895
0 0.619835 0.082237 0.028926 0.026316
0 0.604339 0.033717 0.054752 0.032895
1 0.280992 0.189967 0.03719 0.019737
1 0.417355 0.150493 0.07438 0.021382
1 0.296488 0.095806 0.030992 0.009046
1 0.354339 0.034128 0.068182 0.022204
1 0.497417 0.098273 0.078512 0.015625
1 0.426395 0.094984 0.027376 0.010691
1 0.486054 0.022615 0.056818 0.015625
1 0.663998 0.188734 0.103822 0.007401
1 0.74406 0.175576 0.149277 0.018914
1 0.615444 0.13528 0.053202 0.018914
1 0.666839 0.090461 0.07438 0.016447
1 0.647727 0.08347 0.104339 0.010691
1 0.671746 0.037007 0.093492 0.018092
