0 0.177428 0.061678 0.031508 0.041118
0 0.241994 0.182566 0.045971 0.026316
0 0.262138 0.092516 0.02531 0.022204
0 0.37345 0.128701 0.045455 0.055099
0 0.304236 0.022204 0.024793 0.036184
0 0.4078 0.082648 0.017045 0.01398
0 0.444473 0.085938 0.032541 0.033717
0 0.446539 0.019326 0.02531 0.022204
0 0.485021 0.145148 0.07438 0.104441
0 0.580062 0.068257 0.041322 0.032895
0 0.621901 0.084293 0.027893 0.023849
0 0.603564 0.030839 0.057335 0.032072
0 0.599948 0.183799 0.026343 0.010691
0 0.64876 0.15625 0.044421 0.041118
1 0.68311 0.146793 0.030475 0.040296
1 0.634039 0.178865 0.034607 0.018914
1 0.563533 0.123355 0.089876 0.159539
1 0.598657 0.056743 0.027893 0.019737
1 0.633781 0.074836 0.016529 0.019737
1 0.629649 0.022615 0.033058 0.037007
1 0.460744 0.081003 0.019628 0.038651
1 0.39876 0.117188 0.029959 0.051809
1 0.417872 0.07977 0.017562 0.021382
1 0.456612 0.012747 0.014463 0.023849
1 0.252066 0.173931 0.043388 0.027138
1 0.273502 0.085526 0.017045 0.021382
1 0.184659 0.046875 0.03564 0.032895
1 0.313791 0.015625 0.022211 0.029605
