0 0.434659 0.110609 0.040806 0.043586
0 0.315857 0.167763 0.022211 0.027961
0 0.563017 0.136924 0.081612 0.106086
0 0.50155 0.07977 0.032025 0.041118
0 0.464101 0.07278 0.018079 0.023849
0 0.355372 0.013569 0.038223 0.025493
0 0.31999 0.074424 0.019112 0.01727
0 0.493543 0.008224 0.027376 0.014803
0 0.63249 0.056743 0.036674 0.032895
0 0.655733 0.020148 0.056302 0.033717
0 0.675362 0.068257 0.023244 0.024671
0 0.641529 0.113076 0.014463 0.015625
0 0.714101 0.151316 0.043905 0.046053
0 0.673554 0.178043 0.033058 0.01727
1 0.806302 0.162829 0.144628 0.018092
1 0.697314 0.177632 0.025826 0.003289
1 0.486312 0.13528 0.095558 0.020559
1 0.344783 0.177632 0.036674 0.014803
1 0.354339 0.081003 0.045455 0.018914
1 0.481921 0.081826 0.021694 0.01727
1 0.551395 0.087993 0.076963 0.011513
1 0.405733 0.016036 0.067665 0.022204
1 0.534349 0.012336 0.057335 0.014803
1 0.672262 0.120477 0.043905 0.01398
1 0.71126 0.074836 0.05062 0.011513
1 0.701963 0.066612 0.103306 0.011513
1 0.722882 0.027961 0.093492 0.013158
