0 0.058626 0.488076 0.084194 0.096217
0 0.430785 0.385280 0.023760 0.032072
0 0.498450 0.339638 0.056818 0.064145
0 0.391012 0.176398 0.052686 0.071546
0 0.527893 0.210526 0.038223 0.049342
0 0.565341 0.194901 0.036674 0.036184
0 0.654184 0.423520 0.050103 0.090461
0 0.781767 0.639803 0.079029 0.097039
0 0.955062 0.800987 0.089876 0.120066
0 0.797004 0.214638 0.051653 0.070724
0 0.690083 0.245066 0.019628 0.027961
0 0.970041 0.266859 0.059917 0.086349
1 0.083161 0.564967 0.103306 0.088816
1 0.470300 0.402138 0.054236 0.042763
1 0.568440 0.371711 0.125517 0.057566
1 0.784866 0.480674 0.248450 0.094572
1 0.865444 0.693668 0.157541 0.140625
1 0.446539 0.192434 0.081095 0.044408
1 0.590393 0.236020 0.115702 0.036184
1 0.609504 0.203536 0.055785 0.017270
1 0.728564 0.257401 0.059401 0.023026
1 0.873450 0.240132 0.125000 0.037829
0 0.315857 0.591283 0.085227 0.072368
1 0.371126 0.631990 0.121384 0.074836
