0 0.661932 0.646793 0.095558 0.086349
0 0.207128 0.606497 0.079545 0.066612
0 0.339876 0.39926 0.035124 0.038651
0 0.410382 0.358964 0.051136 0.071546
0 0.114669 0.317023 0.03719 0.04523
0 0.323347 0.185033 0.048554 0.0625
0 0.452479 0.22574 0.038223 0.046875
0 0.488895 0.204359 0.042872 0.035362
0 0.831612 0.815789 0.096074 0.108553
0 0.556043 0.435855 0.053202 0.095395
0 0.889721 0.277549 0.061467 0.091283
0 0.722624 0.222451 0.051653 0.061678
0 0.942665 0.30551 0.084711 0.203125
1 0.137913 0.627878 0.112603 0.066612
1 0.57438 0.719161 0.147727 0.129112
1 0.419421 0.488898 0.254132 0.097862
1 0.288998 0.417763 0.093492 0.023026
1 0.30811 0.38528 0.169938 0.041941
1 0.053977 0.339227 0.096591 0.027138
1 0.251291 0.20847 0.120351 0.04523
1 0.364153 0.25 0.150826 0.039474
1 0.449897 0.216694 0.063017 0.015625
1 0.552944 0.509868 0.727789 0.348684
1 0.78125 0.859375 0.110021 0.09375
1 0.664256 0.23602 0.073347 0.037829
1 0.812758 0.298109 0.103822 0.041941
0 0.611312 0.255757 0.021178 0.036184
1 0.575413 0.266036 0.05062 0.01727
