0 0.052686 0.485197 0.077479 0.077303
0 0.190341 0.304688 0.037707 0.04523
0 0.430527 0.388158 0.032541 0.037829
0 0.497934 0.338405 0.059917 0.055099
0 0.393595 0.174753 0.046488 0.064967
0 0.526085 0.212993 0.041839 0.057566
0 0.564308 0.194901 0.029442 0.034539
0 0.689824 0.244655 0.018079 0.025493
0 0.653667 0.425987 0.054236 0.101974
0 0.797262 0.21176 0.050103 0.068257
0 0.966942 0.261513 0.058884 0.067434
0 0.782025 0.641447 0.070248 0.098684
0 0.328254 0.585938 0.064566 0.056743
1 0.086002 0.432155 0.072831 0.097862
1 0.213843 0.273849 0.033058 0.055921
1 0.357696 0.544819 0.0625 0.04852
1 0.444731 0.361431 0.03719 0.051809
1 0.524019 0.306743 0.044938 0.067434
1 0.415289 0.143503 0.038223 0.071546
1 0.55062 0.178865 0.042355 0.053454
1 0.581612 0.175987 0.02376 0.03125
1 0.693182 0.376645 0.076446 0.126645
1 0.705062 0.222039 0.018595 0.032895
1 0.823347 0.182977 0.055785 0.083059
1 0.807593 0.597039 0.056302 0.074013
1 0.984504 0.223684 0.030992 0.064145
