0 0.662707 0.651727 0.072314 0.099507
0 0.552686 0.439967 0.056818 0.101974
0 0.338326 0.396793 0.030992 0.033717
0 0.406508 0.349918 0.053719 0.050164
0 0.45093 0.227385 0.03719 0.056743
0 0.493543 0.205181 0.028409 0.027138
0 0.609762 0.256168 0.019112 0.032072
0 0.724174 0.226151 0.051653 0.067434
0 0.32438 0.188734 0.047521 0.071546
0 0.113378 0.317845 0.036674 0.04523
0 0.884039 0.273849 0.057335 0.075658
0 0.936983 0.299342 0.076446 0.208882
1 0.696539 0.613487 0.056302 0.075658
1 0.600981 0.388569 0.084194 0.137336
1 0.360537 0.377056 0.038223 0.051809
1 0.435434 0.321957 0.052686 0.091283
1 0.136105 0.290707 0.033574 0.061678
1 0.01937 0.440378 0.037707 0.089638
1 0.350723 0.158717 0.039256 0.064145
1 0.477789 0.195312 0.046488 0.058388
1 0.51343 0.189145 0.019628 0.036184
1 0.62655 0.239309 0.02686 0.041118
1 0.756457 0.190789 0.053202 0.072368
1 0.922262 0.230674 0.055269 0.089638
1 0.979081 0.269737 0.041839 0.105263
