0 0.788998 0.631579 0.059401 0.083882
0 0.327996 0.590461 0.06095 0.072368
0 0.053719 0.479852 0.073347 0.078125
0 0.43311 0.38528 0.032541 0.035362
0 0.652376 0.426398 0.055785 0.10773
0 0.498709 0.337582 0.050103 0.060033
0 0.19344 0.30222 0.03874 0.046875
0 0.389721 0.178043 0.055269 0.07648
0 0.524277 0.210526 0.039256 0.050987
0 0.564566 0.190378 0.032025 0.028783
0 0.795455 0.212171 0.057851 0.057566
0 0.959194 0.249178 0.039256 0.046053
1 0.688533 0.645148 0.166322 0.081414
1 0.259039 0.597862 0.094525 0.0625
1 0.019628 0.502056 0.038223 0.056743
1 0.378099 0.386513 0.099174 0.036184
1 0.516529 0.440789 0.213843 0.090461
1 0.400826 0.351974 0.161157 0.077303
1 0.143853 0.308799 0.081095 0.051809
1 0.325413 0.176398 0.09814 0.066612
1 0.453254 0.206826 0.09969 0.043586
1 0.524019 0.186678 0.058368 0.026316
1 0.736312 0.286184 0.380682 0.157895
1 0.737087 0.204359 0.082645 0.063322
1 0.890496 0.236842 0.10124 0.065789
