0 0.324638 0.592516 0.069731 0.068257
0 0.052686 0.481908 0.077479 0.065789
0 0.431302 0.383224 0.028926 0.036184
0 0.502324 0.349507 0.056302 0.069079
0 0.194731 0.302632 0.036157 0.050987
0 0.393595 0.175164 0.053719 0.069079
0 0.528667 0.210938 0.040806 0.050164
0 0.56405 0.194079 0.027893 0.034539
0 0.652118 0.418997 0.054236 0.094572
0 0.777118 0.643092 0.076963 0.087171
0 0.951705 0.797697 0.084194 0.100329
0 0.800103 0.213405 0.047521 0.071546
0 0.689824 0.24301 0.020145 0.027138
0 0.971849 0.257812 0.056302 0.066612
