0 0.671488 0.646382 0.06405 0.088816
0 0.216684 0.603207 0.054236 0.073191
0 0.412448 0.352385 0.051136 0.058388
0 0.341167 0.395148 0.03564 0.040296
0 0.552428 0.440789 0.058368 0.101974
0 0.115702 0.317023 0.039256 0.04852
0 0.319473 0.190789 0.058368 0.074013
0 0.454029 0.227385 0.019628 0.053454
0 0.497417 0.207648 0.030992 0.038651
0 0.720558 0.222451 0.058884 0.068257
0 0.920713 0.291118 0.122417 0.210526
1 0.158058 0.613898 0.095041 0.055099
1 0.573605 0.660362 0.151343 0.085526
1 0.427428 0.453947 0.221591 0.092105
1 0.286932 0.395148 0.083161 0.023849
1 0.326446 0.36102 0.141529 0.057566
1 0.064566 0.318257 0.081612 0.042763
1 0.264205 0.186678 0.09969 0.065789
1 0.407283 0.220395 0.070764 0.036184
1 0.621384 0.294408 0.548554 0.185855
1 0.45687 0.205592 0.057335 0.049342
1 0.662965 0.223684 0.07593 0.054276
1 0.880424 0.258224 0.043905 0.064145
1 0.805269 0.254112 0.126033 0.039474
