0 0.661932 0.646793 0.095558 0.086349
0 0.207128 0.606497 0.079545 0.066612
0 0.339876 0.39926 0.035124 0.038651
0 0.410382 0.358964 0.051136 0.071546
0 0.114669 0.317023 0.03719 0.04523
0 0.323347 0.185033 0.048554 0.0625
0 0.452479 0.22574 0.038223 0.046875
0 0.488895 0.204359 0.042872 0.035362
0 0.831612 0.815789 0.096074 0.108553
0 0.556043 0.435855 0.053202 0.095395
0 0.889721 0.277549 0.061467 0.091283
0 0.722624 0.222451 0.051653 0.061678
0 0.942665 0.30551 0.084711 0.203125
0 0.611312 0.255757 0.021178 0.036184
