0 0.324638 0.592516 0.069731 0.068257
0 0.052686 0.481908 0.077479 0.065789
0 0.431302 0.383224 0.028926 0.036184
0 0.502324 0.349507 0.056302 0.069079
0 0.194731 0.302632 0.036157 0.050987
0 0.393595 0.175164 0.053719 0.069079
0 0.528667 0.210938 0.040806 0.050164
0 0.56405 0.194079 0.027893 0.034539
0 0.652118 0.418997 0.054236 0.094572
0 0.777118 0.643092 0.076963 0.087171
0 0.951705 0.797697 0.084194 0.100329
0 0.800103 0.213405 0.047521 0.071546
0 0.689824 0.24301 0.020145 0.027138
0 0.971849 0.257812 0.056302 0.066612
1 0.026343 0.511924 0.051653 0.050164
1 0.245868 0.612253 0.113636 0.060033
1 0.129907 0.321135 0.112087 0.028783
1 0.375775 0.405428 0.095558 0.024671
1 0.397469 0.371711 0.162707 0.039474
1 0.317924 0.192023 0.128616 0.043586
1 0.43595 0.233141 0.142562 0.033717
1 0.521178 0.201069 0.067149 0.018914
1 0.521178 0.472039 0.221074 0.100329
1 0.622676 0.515625 0.728822 0.353618
1 0.696281 0.705181 0.132231 0.134046
1 0.93001 0.863076 0.139979 0.117599
1 0.740444 0.227796 0.076963 0.039474
1 0.652376 0.254112 0.055785 0.016447
1 0.903667 0.280016 0.098657 0.040296
