0 0.339876 0.398438 0.024793 0.043586
0 0.324897 0.189145 0.049587 0.074013
0 0.412448 0.347451 0.058368 0.055099
0 0.44938 0.22574 0.041322 0.053454
0 0.490702 0.207237 0.034091 0.037829
0 0.554752 0.443257 0.053719 0.110197
0 0.6578 0.648026 0.069731 0.085526
0 0.827996 0.819079 0.09814 0.123355
0 0.608988 0.254934 0.021694 0.027961
0 0.721849 0.222451 0.056302 0.063322
0 0.887913 0.275493 0.05062 0.074013
0 0.937758 0.301809 0.085227 0.202303
1 0.686209 0.490954 0.215393 0.108553
1 0.37655 0.41653 0.051653 0.041941
1 0.477014 0.388569 0.132748 0.055099
1 0.38249 0.203536 0.077996 0.035362
1 0.521436 0.244243 0.103822 0.037829
1 0.537448 0.213816 0.057335 0.014803
1 0.643079 0.26028 0.052686 0.027138
1 0.80656 0.245888 0.127583 0.032895
1 0.745093 0.700658 0.155475 0.136513
1 0.927686 0.865543 0.121901 0.11102
