0 0.174070 0.588405 0.083678 0.076480
0 0.252066 0.453947 0.046488 0.098684
0 0.216167 0.414474 0.020145 0.032895
0 0.392820 0.520559 0.023244 0.029605
0 0.364669 0.361842 0.045455 0.067434
0 0.338326 0.309622 0.020661 0.032072
0 0.495868 0.533306 0.089876 0.084704
0 0.480888 0.348273 0.049587 0.043586
0 0.569473 0.624589 0.083161 0.124178
0 0.561209 0.405428 0.065599 0.101974
0 0.573347 0.296464 0.045455 0.055099
0 0.668388 0.343339 0.019628 0.018914
0 0.696798 0.527961 0.025826 0.019737
0 0.715651 0.405016 0.020145 0.012336
0 0.817149 0.335115 0.025826 0.025493
0 0.875000 0.617599 0.027893 0.027961
0 0.935434 0.470395 0.018595 0.026316
0 0.922262 0.393914 0.019112 0.019737
1 0.185176 0.537418 0.075930 0.119243
1 0.226498 0.401727 0.021178 0.027138
1 0.271694 0.397204 0.052686 0.144737
1 0.401601 0.502467 0.027376 0.042763
1 0.376550 0.321546 0.046488 0.078947
1 0.324897 0.296875 0.048554 0.024671
1 0.508781 0.487664 0.086777 0.108553
1 0.488378 0.317845 0.064566 0.035362
1 0.592975 0.547697 0.063017 0.213816
1 0.585227 0.358553 0.063017 0.125000
1 0.581095 0.270559 0.044421 0.062500
1 0.706095 0.511924 0.034091 0.038651
1 0.668647 0.333470 0.012913 0.020559
1 0.720558 0.396382 0.028926 0.021382
1 0.868802 0.593339 0.045455 0.028783
1 0.820506 0.324013 0.019112 0.029605
1 0.925620 0.378701 0.035124 0.027138
1 0.941890 0.452303 0.027376 0.021382
