0 0.166322 0.577303 0.061983 0.070724
0 0.247159 0.458470 0.058368 0.106086
0 0.332128 0.306743 0.016529 0.026316
0 0.362862 0.357730 0.049070 0.072368
0 0.383006 0.325658 0.031508 0.021382
0 0.482696 0.347451 0.053202 0.041941
0 0.390754 0.516447 0.025310 0.029605
0 0.496126 0.534951 0.093492 0.081414
0 0.570248 0.295641 0.042355 0.063322
0 0.559659 0.404194 0.071798 0.107730
0 0.569731 0.622533 0.080579 0.125000
0 0.697056 0.527961 0.023244 0.026316
0 0.667097 0.345395 0.019112 0.021382
0 0.713585 0.404605 0.009814 0.018092
0 0.875517 0.617599 0.019628 0.027961
0 0.936983 0.469984 0.020661 0.025493
0 0.919938 0.393503 0.015496 0.020559
0 0.817665 0.335115 0.020661 0.020559
