0 0.076705 0.602796 0.087293 0.092105
0 0.166839 0.466694 0.051653 0.097862
0 0.141012 0.424753 0.017562 0.028783
0 0.288998 0.372122 0.051136 0.069901
0 0.300362 0.532072 0.025310 0.027961
0 0.398244 0.545641 0.084711 0.076480
0 0.459711 0.634046 0.085744 0.118421
0 0.409349 0.361842 0.050103 0.042763
0 0.480114 0.419408 0.063533 0.095395
0 0.604855 0.539062 0.019628 0.030428
0 0.502324 0.310444 0.041839 0.061678
0 0.270403 0.322780 0.021178 0.032072
0 0.597882 0.356086 0.016012 0.016447
0 0.636622 0.417763 0.018079 0.013158
0 0.781508 0.630757 0.013430 0.024671
0 0.854339 0.479030 0.016529 0.015625
0 0.848140 0.404605 0.017562 0.018092
0 0.747417 0.346628 0.022727 0.022204
