0 0.076705 0.600329 0.086260 0.087171
0 0.167614 0.464638 0.048037 0.100329
0 0.146178 0.422286 0.012397 0.018914
0 0.289514 0.371711 0.043905 0.064145
0 0.302169 0.534951 0.022727 0.023849
0 0.267562 0.322780 0.011364 0.027138
0 0.459194 0.635691 0.085744 0.118421
0 0.401085 0.548109 0.083161 0.081414
0 0.477273 0.416941 0.067149 0.106908
0 0.423554 0.355263 0.023760 0.031250
0 0.503357 0.310033 0.040806 0.062500
0 0.607438 0.540296 0.018595 0.024671
0 0.597882 0.358553 0.017045 0.024671
0 0.638171 0.418586 0.013946 0.018092
0 0.773760 0.630757 0.034091 0.026316
0 0.748192 0.349507 0.025310 0.019737
0 0.849432 0.407484 0.022211 0.023849
0 0.852273 0.479852 0.019628 0.020559
1 0.032800 0.565789 0.064566 0.113487
1 0.106921 0.427632 0.077479 0.143092
1 0.128357 0.412829 0.026343 0.041118
1 0.251033 0.342516 0.051653 0.078125
1 0.254649 0.313322 0.024793 0.037829
1 0.280217 0.517270 0.030475 0.037829
1 0.360537 0.578947 0.150826 0.200658
1 0.352014 0.493832 0.075930 0.061678
1 0.587552 0.529605 0.032541 0.046053
1 0.404959 0.365132 0.102273 0.146382
1 0.411932 0.342105 0.042872 0.047697
1 0.470816 0.283306 0.038740 0.074836
1 0.589876 0.347451 0.012397 0.028783
1 0.621901 0.409539 0.021694 0.023026
1 0.761364 0.615543 0.036157 0.027138
1 0.738120 0.335115 0.021694 0.023849
1 0.842459 0.392270 0.025826 0.019737
1 0.843492 0.469161 0.023760 0.023849
