0 0.073347 0.599095 0.084711 0.083059
0 0.167872 0.462171 0.050620 0.095395
0 0.140754 0.424342 0.019112 0.021382
0 0.288481 0.371711 0.045971 0.060855
0 0.267304 0.322368 0.014979 0.023026
0 0.323089 0.334293 0.022211 0.018914
0 0.301395 0.532072 0.021178 0.024671
0 0.400826 0.546053 0.086777 0.077303
0 0.457645 0.644326 0.072314 0.130757
0 0.476240 0.421875 0.067149 0.110197
0 0.408058 0.361020 0.052686 0.036184
0 0.501550 0.326891 0.039256 0.087993
0 0.597366 0.357319 0.020145 0.022204
0 0.605372 0.545641 0.021694 0.032072
0 0.747934 0.345806 0.019628 0.023849
0 0.771178 0.634046 0.029959 0.036184
0 0.848657 0.404605 0.021694 0.019737
0 0.854855 0.480263 0.025826 0.026316
0 0.921229 0.427220 0.043905 0.018914
1 0.049070 0.676398 0.097107 0.150493
1 0.127841 0.546875 0.089360 0.078947
1 0.126291 0.442434 0.029442 0.016447
1 0.292097 0.565789 0.036674 0.041118
1 0.247417 0.444490 0.110537 0.084704
1 0.248709 0.341283 0.025310 0.016447
1 0.318182 0.346217 0.019628 0.013158
1 0.398760 0.397615 0.051653 0.037007
1 0.372934 0.624589 0.127066 0.152138
1 0.420971 0.812089 0.112603 0.222862
1 0.465134 0.520148 0.070764 0.117599
1 0.495610 0.364309 0.042872 0.069079
1 0.602531 0.370066 0.012913 0.011513
1 0.611312 0.579770 0.025310 0.041118
1 0.774019 0.659951 0.065599 0.037007
1 0.755165 0.358553 0.022727 0.014803
1 0.861312 0.502467 0.040806 0.029605
1 0.855888 0.420230 0.025826 0.016447
1 0.923812 0.449013 0.041839 0.029605
