0 0.076705 0.602796 0.087293 0.092105
0 0.166839 0.466694 0.051653 0.097862
0 0.141012 0.424753 0.017562 0.028783
0 0.288998 0.372122 0.051136 0.069901
0 0.300362 0.532072 0.025310 0.027961
0 0.398244 0.545641 0.084711 0.076480
0 0.459711 0.634046 0.085744 0.118421
0 0.409349 0.361842 0.050103 0.042763
0 0.480114 0.419408 0.063533 0.095395
0 0.604855 0.539062 0.019628 0.030428
0 0.502324 0.310444 0.041839 0.061678
0 0.270403 0.322780 0.021178 0.032072
0 0.597882 0.356086 0.016012 0.016447
0 0.636622 0.417763 0.018079 0.013158
0 0.781508 0.630757 0.013430 0.024671
0 0.854339 0.479030 0.016529 0.015625
0 0.848140 0.404605 0.017562 0.018092
0 0.747417 0.346628 0.022727 0.022204
1 0.097107 0.549753 0.068182 0.117599
1 0.200155 0.415296 0.055269 0.141447
1 0.149535 0.413651 0.013946 0.018092
1 0.312758 0.516859 0.027376 0.041941
1 0.308368 0.339227 0.043388 0.086349
1 0.276860 0.303043 0.017562 0.037007
1 0.416064 0.333059 0.060434 0.044408
1 0.423295 0.511513 0.084194 0.128289
1 0.498192 0.566612 0.081095 0.230263
1 0.511622 0.369655 0.057335 0.134046
1 0.525568 0.276316 0.033574 0.069079
1 0.606147 0.345806 0.014979 0.020559
1 0.641271 0.410773 0.020145 0.022204
1 0.617252 0.527138 0.021694 0.046053
1 0.775310 0.606908 0.052686 0.034539
1 0.754907 0.331826 0.022211 0.028783
1 0.851240 0.393503 0.036157 0.025493
1 0.859504 0.465872 0.021694 0.023849
