0 0.175103 0.587993 0.078512 0.088816
0 0.251808 0.449424 0.047004 0.087993
0 0.220816 0.405839 0.014979 0.020559
0 0.391787 0.518503 0.025310 0.028783
0 0.365186 0.358141 0.045455 0.058388
0 0.496384 0.536184 0.087810 0.080592
0 0.569473 0.623766 0.081095 0.115954
0 0.333419 0.307155 0.027376 0.027138
0 0.393337 0.320312 0.027376 0.017270
0 0.481147 0.345806 0.049070 0.038651
0 0.571539 0.296464 0.039773 0.058388
0 0.562500 0.410362 0.067149 0.106908
0 0.667614 0.343750 0.018079 0.019737
0 0.697572 0.527549 0.023244 0.023849
0 0.816632 0.333470 0.019628 0.018914
0 0.925362 0.390214 0.025310 0.020559
0 0.874225 0.618010 0.028409 0.032072
0 0.936467 0.465872 0.030992 0.018914
