0 0.175103 0.587993 0.078512 0.088816
0 0.251808 0.449424 0.047004 0.087993
0 0.220816 0.405839 0.014979 0.020559
0 0.391787 0.518503 0.025310 0.028783
0 0.365186 0.358141 0.045455 0.058388
0 0.496384 0.536184 0.087810 0.080592
0 0.568440 0.618010 0.079029 0.104441
0 0.333419 0.307155 0.027376 0.027138
0 0.393337 0.320312 0.027376 0.017270
0 0.481147 0.345806 0.049070 0.038651
0 0.571539 0.296464 0.039773 0.058388
0 0.562500 0.409539 0.067149 0.106908
0 0.667614 0.343750 0.018079 0.019737
0 0.697572 0.527549 0.023244 0.023849
0 0.816632 0.333470 0.019628 0.018914
0 0.925362 0.390214 0.025310 0.020559
0 0.874225 0.618010 0.028409 0.032072
0 0.936467 0.465872 0.030992 0.018914
1 0.090909 0.713816 0.173554 0.238487
1 0.225723 0.528372 0.081612 0.076480
1 0.207386 0.429276 0.034607 0.027961
1 0.385589 0.547286 0.034607 0.035362
1 0.331095 0.430510 0.114669 0.084704
1 0.324638 0.326480 0.030475 0.014803
1 0.389205 0.330592 0.022211 0.018092
1 0.474690 0.382812 0.053719 0.051809
1 0.479855 0.606497 0.096074 0.132401
1 0.560434 0.789885 0.110537 0.229441
1 0.558368 0.509457 0.073347 0.125822
1 0.571023 0.349918 0.044938 0.063322
1 0.671229 0.356908 0.018079 0.009868
1 0.705320 0.568257 0.027376 0.059211
1 0.823605 0.347039 0.033574 0.021382
1 0.873709 0.647204 0.057335 0.044408
1 0.930010 0.411184 0.028409 0.023026
1 0.946281 0.493832 0.049587 0.037007
