0 0.166322 0.577303 0.061983 0.070724
0 0.247159 0.458470 0.058368 0.106086
0 0.332128 0.306743 0.016529 0.026316
0 0.362862 0.357730 0.049070 0.072368
0 0.383006 0.325658 0.031508 0.021382
0 0.482696 0.347451 0.053202 0.041941
0 0.390754 0.516447 0.025310 0.029605
0 0.496126 0.534951 0.093492 0.081414
0 0.570248 0.295641 0.042355 0.063322
0 0.559659 0.404194 0.071798 0.107730
0 0.569731 0.622533 0.080579 0.125000
0 0.697056 0.527961 0.023244 0.026316
0 0.667097 0.345395 0.019112 0.021382
0 0.713585 0.404605 0.009814 0.018092
0 0.875517 0.617599 0.019628 0.027961
0 0.936983 0.469984 0.020661 0.025493
0 0.919938 0.393503 0.015496 0.020559
0 0.817665 0.335115 0.020661 0.020559
1 0.250000 0.623355 0.144628 0.070724
1 0.366219 0.497533 0.192149 0.044408
1 0.435176 0.534128 0.062500 0.028783
1 0.452221 0.380757 0.149277 0.031250
1 0.410124 0.321957 0.027893 0.013980
1 0.363895 0.314556 0.038740 0.002467
1 0.544163 0.354441 0.084194 0.018092
1 0.614669 0.568257 0.172521 0.075658
1 0.789773 0.736431 0.409091 0.162007
1 0.741477 0.537418 0.070764 0.040296
1 0.733988 0.414885 0.037190 0.023849
1 0.737862 0.446957 0.303202 0.035362
1 0.665548 0.314967 0.159607 0.024671
1 0.848915 0.341694 0.047004 0.018914
1 0.697831 0.349095 0.041322 0.020559
1 0.941374 0.396793 0.024277 0.028783
1 0.968492 0.474095 0.043388 0.028783
1 0.930269 0.629934 0.087810 0.049342
