0 0.175362 0.588816 0.086260 0.087171
0 0.253099 0.453125 0.048554 0.101974
0 0.219267 0.412007 0.019112 0.024671
0 0.365186 0.360609 0.046488 0.069901
0 0.337810 0.309622 0.015496 0.028783
0 0.390496 0.513158 0.021694 0.019737
0 0.498967 0.530016 0.091942 0.073191
0 0.570506 0.624589 0.083161 0.124178
0 0.481147 0.346217 0.051136 0.037829
0 0.571281 0.296464 0.045455 0.060033
0 0.560950 0.409128 0.068182 0.104441
0 0.665806 0.342928 0.015496 0.013158
0 0.698347 0.525905 0.023760 0.027138
0 0.714876 0.402961 0.017562 0.018092
0 0.880682 0.617599 0.020661 0.024671
0 0.815599 0.334704 0.017562 0.023026
0 0.924070 0.395970 0.017562 0.022204
0 0.935176 0.467928 0.025310 0.023026
1 0.169938 0.560855 0.079545 0.052632
1 0.250000 0.405428 0.045455 0.031250
1 0.541581 0.587582 0.028409 0.084704
1 0.482180 0.492599 0.083161 0.037829
1 0.364153 0.331414 0.059917 0.029605
1 0.558110 0.375822 0.060434 0.074013
1 0.578771 0.271382 0.027376 0.021382
1 0.694215 0.518092 0.010331 0.013158
