0 0.076446 0.599918 0.085744 0.089638
0 0.167614 0.464638 0.048037 0.103618
0 0.139979 0.425576 0.016529 0.025493
0 0.459194 0.638158 0.085744 0.120066
0 0.401601 0.546464 0.088326 0.073191
0 0.300103 0.530839 0.020661 0.025493
0 0.290031 0.373766 0.048037 0.064967
0 0.268337 0.320724 0.012913 0.024671
0 0.477014 0.422286 0.066632 0.109375
0 0.409607 0.359786 0.045455 0.041941
0 0.503357 0.309211 0.042872 0.062500
0 0.599174 0.354852 0.016529 0.015625
0 0.637655 0.417352 0.016012 0.018914
0 0.604339 0.538240 0.025826 0.025493
0 0.746384 0.344984 0.022727 0.020559
0 0.853048 0.480263 0.017045 0.021382
0 0.847624 0.404194 0.022727 0.020559
0 0.779184 0.627878 0.018079 0.025493
1 0.459194 0.588816 0.075413 0.059211
1 0.101498 0.579770 0.040806 0.060855
1 0.396436 0.508224 0.073864 0.029605
1 0.482955 0.383635 0.053719 0.064967
1 0.521178 0.291530 0.023760 0.040296
1 0.299070 0.351974 0.037190 0.041118
1 0.180010 0.434622 0.044938 0.071546
