0 0.066632 0.590461 0.052686 0.070724
0 0.164773 0.464638 0.048554 0.105263
0 0.399019 0.545230 0.085227 0.080592
0 0.301653 0.530839 0.026860 0.027138
0 0.290289 0.373355 0.046488 0.070724
0 0.266271 0.321135 0.020145 0.027138
0 0.322314 0.335115 0.019628 0.018914
0 0.413481 0.362664 0.057335 0.044408
0 0.502583 0.309622 0.039256 0.058388
0 0.476498 0.420641 0.065599 0.102796
0 0.455320 0.634868 0.075930 0.125000
0 0.636364 0.418174 0.019628 0.022204
0 0.603306 0.540707 0.021694 0.028783
0 0.598399 0.355263 0.019112 0.024671
0 0.747417 0.347039 0.026860 0.024671
0 0.848915 0.404194 0.018079 0.017270
0 0.855114 0.479030 0.030475 0.028783
0 0.778926 0.625411 0.023760 0.030428
