0 0.076705 0.600329 0.086260 0.087171
0 0.167614 0.464638 0.048037 0.100329
0 0.146178 0.422286 0.012397 0.018914
0 0.289514 0.371711 0.043905 0.064145
0 0.302169 0.534951 0.022727 0.023849
0 0.267562 0.322780 0.011364 0.027138
0 0.459194 0.635691 0.085744 0.118421
0 0.401085 0.548109 0.083161 0.081414
0 0.477273 0.416941 0.067149 0.106908
0 0.423554 0.355263 0.023760 0.031250
0 0.503357 0.310033 0.040806 0.062500
0 0.607438 0.540296 0.018595 0.024671
0 0.597882 0.358553 0.017045 0.024671
0 0.638171 0.418586 0.013946 0.018092
0 0.773760 0.630757 0.034091 0.026316
0 0.748192 0.349507 0.025310 0.019737
0 0.849432 0.407484 0.022211 0.023849
0 0.852273 0.479852 0.019628 0.020559
