0 0.073347 0.599095 0.084711 0.083059
0 0.167872 0.462171 0.050620 0.095395
0 0.140754 0.424342 0.019112 0.021382
0 0.288481 0.371711 0.045971 0.060855
0 0.267304 0.322368 0.014979 0.023026
0 0.323089 0.334293 0.022211 0.018914
0 0.301395 0.532072 0.021178 0.024671
0 0.400826 0.546053 0.086777 0.077303
0 0.457645 0.644326 0.072314 0.130757
0 0.476240 0.421875 0.067149 0.110197
0 0.408058 0.361020 0.052686 0.036184
0 0.501550 0.326891 0.039256 0.087993
0 0.597366 0.357319 0.020145 0.022204
0 0.605372 0.545641 0.021694 0.032072
0 0.747934 0.345806 0.019628 0.023849
0 0.771178 0.634046 0.029959 0.036184
0 0.848657 0.404605 0.021694 0.019737
0 0.854855 0.480263 0.025826 0.026316
0 0.921229 0.427220 0.043905 0.018914
