0 0.066632 0.590461 0.052686 0.070724
0 0.164773 0.464638 0.048554 0.105263
0 0.399019 0.545230 0.085227 0.080592
0 0.301653 0.530839 0.026860 0.027138
0 0.290289 0.373355 0.046488 0.070724
0 0.266271 0.321135 0.020145 0.027138
0 0.322314 0.335115 0.019628 0.018914
0 0.413481 0.362664 0.057335 0.044408
0 0.502583 0.309622 0.039256 0.058388
0 0.476498 0.420641 0.065599 0.102796
0 0.455320 0.634868 0.075930 0.125000
0 0.636364 0.418174 0.019628 0.022204
0 0.603306 0.540707 0.021694 0.028783
0 0.598399 0.355263 0.019112 0.024671
0 0.747417 0.347039 0.026860 0.024671
0 0.848915 0.404194 0.018079 0.017270
0 0.855114 0.479030 0.030475 0.028783
0 0.778926 0.625411 0.023760 0.030428
1 0.142820 0.629934 0.136880 0.078947
1 0.342975 0.545641 0.056818 0.030428
1 0.279959 0.506990 0.179752 0.051809
1 0.378099 0.395148 0.155992 0.028783
1 0.341167 0.338405 0.029442 0.022204
1 0.288481 0.329359 0.047004 0.012336
1 0.470041 0.366776 0.076446 0.014803
1 0.521436 0.578536 0.155475 0.063322
1 0.729081 0.742599 0.525310 0.203947
1 0.649277 0.549342 0.070248 0.031250
1 0.652376 0.459704 0.285124 0.050987
1 0.603306 0.321135 0.164256 0.030428
1 0.625517 0.358141 0.048554 0.020559
1 0.660382 0.422286 0.031508 0.018914
1 0.782025 0.349918 0.043388 0.022204
1 0.824638 0.643914 0.080062 0.054276
1 0.886364 0.486431 0.044421 0.027138
1 0.869060 0.406661 0.017045 0.025493
