0 0.175362 0.585938 0.084194 0.091283
0 0.224174 0.409128 0.012397 0.027138
0 0.254132 0.453125 0.047521 0.098684
0 0.365186 0.361020 0.046488 0.069079
0 0.336260 0.309622 0.017562 0.025493
0 0.392562 0.318668 0.012397 0.012336
0 0.393079 0.522204 0.027893 0.031250
0 0.560434 0.408717 0.070248 0.105263
0 0.571023 0.296875 0.044938 0.062500
0 0.569731 0.628701 0.083678 0.129112
0 0.671746 0.345806 0.013946 0.018914
0 0.700155 0.528783 0.020145 0.029605
0 0.707386 0.408717 0.022211 0.023026
0 0.815083 0.333882 0.019628 0.021382
0 0.924587 0.391859 0.021694 0.020559
0 0.938017 0.469161 0.017562 0.017270
0 0.496384 0.535362 0.085744 0.082237
0 0.867769 0.619655 0.038223 0.028783
