0 0.175362 0.585938 0.084194 0.091283
0 0.224174 0.409128 0.012397 0.027138
0 0.254132 0.453125 0.047521 0.098684
0 0.365186 0.361020 0.046488 0.069079
0 0.336260 0.309622 0.017562 0.025493
0 0.392562 0.318668 0.012397 0.012336
0 0.393079 0.522204 0.027893 0.031250
0 0.560434 0.408717 0.070248 0.105263
0 0.571023 0.296875 0.044938 0.062500
0 0.572314 0.629934 0.088843 0.126645
0 0.671746 0.345806 0.013946 0.018914
0 0.700155 0.528783 0.020145 0.029605
0 0.707386 0.408717 0.022211 0.023026
0 0.815083 0.333882 0.019628 0.021382
0 0.924587 0.391859 0.021694 0.020559
0 0.938017 0.469161 0.017562 0.017270
0 0.496384 0.535362 0.085744 0.082237
0 0.867769 0.619655 0.038223 0.028783
1 0.104855 0.550164 0.109504 0.116776
1 0.184917 0.412007 0.100207 0.143092
1 0.212035 0.404194 0.017045 0.022204
1 0.318957 0.329359 0.053202 0.079770
1 0.319990 0.296464 0.019112 0.025493
1 0.371384 0.506990 0.033058 0.038651
1 0.460486 0.562911 0.168905 0.188322
1 0.434401 0.485609 0.077479 0.076480
1 0.483729 0.362664 0.111054 0.149671
1 0.541322 0.276727 0.048554 0.079770
1 0.676136 0.517681 0.033058 0.040296
1 0.696539 0.399260 0.026343 0.023849
1 0.655475 0.333059 0.015496 0.019737
1 0.802944 0.324424 0.018079 0.022204
1 0.913481 0.381579 0.022211 0.016447
1 0.858213 0.602385 0.043905 0.025493
1 0.922779 0.456003 0.022211 0.022204
