0 0.401085 0.151727 0.035640 0.064967
0 0.468233 0.116365 0.031508 0.043586
0 0.444990 0.092928 0.012913 0.018092
0 0.490186 0.190378 0.012397 0.020559
0 0.555527 0.196135 0.052169 0.050164
0 0.547779 0.120888 0.036674 0.031250
0 0.600981 0.222451 0.047004 0.079770
0 0.600207 0.140625 0.044421 0.072368
0 0.612862 0.090872 0.027376 0.038651
0 0.686725 0.203125 0.017045 0.018092
0 0.707645 0.152961 0.014463 0.013158
0 0.680269 0.122533 0.013430 0.011513
0 0.786674 0.122122 0.015496 0.015625
0 0.853564 0.188734 0.013946 0.013980
0 0.856147 0.153783 0.016012 0.013158
0 0.795713 0.247944 0.010847 0.017270
0 0.483988 0.102385 0.009298 0.017270
