0 0.359504 0.206826 0.046488 0.046875
0 0.397727 0.155016 0.032025 0.068257
0 0.370610 0.143914 0.013946 0.018092
0 0.490444 0.192845 0.013946 0.018914
0 0.467200 0.118832 0.035640 0.046875
0 0.444215 0.094161 0.010331 0.017270
0 0.557851 0.200658 0.055785 0.047697
0 0.602789 0.224095 0.051653 0.078125
0 0.547262 0.120888 0.035640 0.027961
0 0.600723 0.142681 0.045455 0.074836
0 0.612345 0.092928 0.028409 0.042763
0 0.687500 0.204770 0.015496 0.016447
0 0.681302 0.125822 0.012397 0.018092
0 0.709194 0.154194 0.012397 0.010691
0 0.787190 0.124178 0.014463 0.011513
0 0.797779 0.249589 0.009814 0.017270
0 0.854339 0.190789 0.013430 0.016447
0 0.857955 0.153783 0.015496 0.008224
1 0.363120 0.190378 0.041322 0.043586
1 0.407025 0.129523 0.028926 0.051809
1 0.373709 0.138569 0.011880 0.007401
1 0.495610 0.186266 0.012913 0.015625
1 0.477014 0.104441 0.026343 0.041118
1 0.449122 0.087582 0.008781 0.018914
1 0.567924 0.175987 0.054236 0.024671
1 0.624225 0.210526 0.037707 0.082237
1 0.549587 0.106086 0.039256 0.019737
1 0.622676 0.127878 0.030475 0.073191
1 0.627066 0.076891 0.018595 0.028783
1 0.694473 0.196546 0.009814 0.016447
1 0.685692 0.120066 0.004649 0.013158
1 0.712035 0.149260 0.012913 0.012336
1 0.803719 0.246711 0.015496 0.014803
1 0.794938 0.117599 0.010331 0.014803
1 0.863120 0.150493 0.012397 0.018092
1 0.860795 0.186266 0.011880 0.020559
