0 0.362603 0.208882 0.038223 0.044408
0 0.399793 0.152549 0.027893 0.061678
0 0.371643 0.143092 0.007748 0.018092
0 0.491736 0.193257 0.014463 0.016447
0 0.468750 0.116776 0.031508 0.047697
0 0.443957 0.094572 0.007748 0.023026
0 0.604081 0.224507 0.045971 0.077303
0 0.557851 0.195724 0.054752 0.052632
0 0.557593 0.112664 0.019112 0.021382
0 0.600465 0.140214 0.044938 0.068257
0 0.612862 0.092105 0.029442 0.044408
0 0.689308 0.203947 0.014979 0.016447
0 0.709194 0.153372 0.009298 0.010691
0 0.681560 0.122122 0.009814 0.012336
0 0.854081 0.189145 0.011880 0.014803
0 0.859246 0.154194 0.017045 0.012336
0 0.788223 0.121711 0.012397 0.014803
0 0.790806 0.247122 0.020661 0.010691
1 0.329029 0.224095 0.027893 0.018914
1 0.348915 0.142681 0.075930 0.074836
1 0.358729 0.136513 0.018079 0.023026
1 0.475723 0.189145 0.019628 0.016447
1 0.436983 0.110197 0.049587 0.055921
1 0.432851 0.093339 0.021694 0.022204
1 0.538481 0.210938 0.094525 0.091283
1 0.516012 0.176398 0.040289 0.027138
1 0.541581 0.122533 0.075930 0.078947
1 0.540031 0.105674 0.028409 0.023849
1 0.588843 0.082237 0.030992 0.050987
1 0.674845 0.202303 0.019112 0.019737
1 0.696023 0.152138 0.017045 0.011513
1 0.672779 0.119243 0.008781 0.018092
1 0.780992 0.119655 0.010331 0.017270
1 0.783833 0.242188 0.011880 0.009046
1 0.845558 0.186266 0.011364 0.009046
1 0.851240 0.148849 0.011364 0.009868
