0 0.295713 0.222862 0.049070 0.046053
0 0.340393 0.168174 0.032025 0.069901
0 0.314050 0.158717 0.014463 0.021382
0 0.428719 0.205592 0.014463 0.019737
0 0.414773 0.131579 0.032025 0.044408
0 0.395145 0.108553 0.010331 0.016447
0 0.494060 0.208882 0.052169 0.039474
0 0.530992 0.234786 0.056818 0.076480
0 0.496901 0.131990 0.036157 0.030428
0 0.542355 0.151316 0.045455 0.074013
0 0.561467 0.111842 0.028926 0.059211
0 0.623967 0.217105 0.019628 0.021382
0 0.651860 0.165296 0.014463 0.016447
0 0.627066 0.135280 0.012397 0.012336
0 0.735021 0.261102 0.013430 0.022204
0 0.736054 0.135691 0.013430 0.009868
0 0.795971 0.199836 0.011364 0.016447
0 0.800620 0.166530 0.015496 0.017270
