0 0.294680 0.224918 0.045971 0.050164
0 0.337810 0.164885 0.029959 0.063322
0 0.316116 0.157072 0.012397 0.014803
0 0.413998 0.129112 0.031508 0.044408
0 0.395661 0.106497 0.014463 0.017270
0 0.434401 0.115954 0.013430 0.009868
0 0.430269 0.204359 0.015496 0.020559
0 0.495868 0.129934 0.032025 0.027961
0 0.491736 0.207648 0.048554 0.040296
0 0.532541 0.234375 0.052686 0.075658
0 0.542614 0.148849 0.042872 0.062500
0 0.561467 0.103618 0.032025 0.041118
0 0.628616 0.133224 0.012397 0.011513
0 0.626550 0.217928 0.015496 0.019737
0 0.644886 0.167352 0.017045 0.013980
0 0.724948 0.259046 0.020145 0.014803
0 0.736312 0.134457 0.012913 0.012336
0 0.795455 0.201069 0.013430 0.013980
0 0.803461 0.165707 0.018079 0.012336
1 0.273760 0.252467 0.073347 0.049342
1 0.328512 0.208882 0.041322 0.027961
1 0.304494 0.166941 0.020145 0.006579
1 0.391529 0.164474 0.073347 0.037829
1 0.386622 0.115954 0.016012 0.008224
1 0.423554 0.219572 0.027893 0.009868
1 0.489928 0.151727 0.034607 0.020559
1 0.433110 0.123355 0.012913 0.006579
1 0.482955 0.246299 0.065083 0.051809
1 0.535899 0.279605 0.043905 0.024671
1 0.536157 0.203536 0.045455 0.048520
1 0.559917 0.135691 0.024793 0.034539
1 0.626033 0.234786 0.015496 0.022204
1 0.630682 0.145148 0.012397 0.013980
1 0.649019 0.178043 0.017045 0.015625
1 0.722624 0.272615 0.038223 0.015625
1 0.803202 0.210938 0.021694 0.017270
1 0.805785 0.175987 0.021694 0.011513
1 0.739669 0.141447 0.018595 0.013158
