0 0.398244 0.145148 0.034091 0.051809
0 0.371901 0.143092 0.010331 0.019737
0 0.491219 0.192023 0.015496 0.020559
0 0.468233 0.114309 0.031508 0.049342
0 0.445248 0.094572 0.008264 0.016447
0 0.556818 0.196957 0.054752 0.050164
0 0.602273 0.220806 0.052686 0.081414
0 0.547779 0.120066 0.037707 0.029605
0 0.601240 0.138980 0.044421 0.072368
0 0.612087 0.088816 0.028926 0.042763
0 0.687500 0.202303 0.016529 0.021382
0 0.710227 0.153372 0.013430 0.010691
0 0.683626 0.121711 0.011880 0.014803
0 0.798037 0.247533 0.015496 0.018092
1 0.398502 0.120066 0.034607 0.019737
1 0.373192 0.137336 0.016012 0.009868
1 0.599948 0.192845 0.037707 0.038651
1 0.556043 0.178043 0.054236 0.018914
1 0.494576 0.187089 0.012913 0.013980
1 0.469267 0.099507 0.030475 0.018092
1 0.602531 0.113487 0.030475 0.034539
1 0.615444 0.077714 0.029442 0.018914
