0 0.359504 0.206826 0.046488 0.046875
0 0.397727 0.155016 0.032025 0.068257
0 0.370610 0.143914 0.013946 0.018092
0 0.490444 0.192845 0.013946 0.018914
0 0.467200 0.118832 0.035640 0.046875
0 0.444215 0.094161 0.010331 0.017270
0 0.557851 0.200658 0.055785 0.047697
0 0.602789 0.224095 0.051653 0.078125
0 0.547262 0.120888 0.035640 0.027961
0 0.600723 0.142681 0.045455 0.074836
0 0.612345 0.092928 0.028409 0.042763
0 0.687500 0.204770 0.015496 0.016447
0 0.681302 0.125822 0.012397 0.018092
0 0.709194 0.154194 0.012397 0.010691
0 0.787190 0.124178 0.014463 0.011513
0 0.797779 0.249589 0.009814 0.017270
0 0.854339 0.190789 0.013430 0.016447
0 0.857955 0.153783 0.015496 0.008224
