0 0.294680 0.224918 0.045971 0.050164
0 0.337810 0.164885 0.029959 0.063322
0 0.316116 0.157072 0.012397 0.014803
0 0.413998 0.129112 0.031508 0.044408
0 0.395661 0.106497 0.014463 0.017270
0 0.434401 0.115954 0.013430 0.009868
0 0.430269 0.204359 0.015496 0.020559
0 0.495868 0.129934 0.032025 0.027961
0 0.491736 0.207648 0.048554 0.040296
0 0.532541 0.234375 0.052686 0.075658
0 0.542614 0.148849 0.042872 0.062500
0 0.561467 0.103618 0.032025 0.041118
0 0.628616 0.133224 0.012397 0.011513
0 0.626550 0.217928 0.015496 0.019737
0 0.644886 0.167352 0.017045 0.013980
0 0.724948 0.259046 0.020145 0.014803
0 0.736312 0.134457 0.012913 0.012336
0 0.795455 0.201069 0.013430 0.013980
0 0.803461 0.165707 0.018079 0.012336
