0 0.296229 0.220395 0.049070 0.049342
0 0.315857 0.157895 0.011880 0.018092
0 0.340393 0.166530 0.030992 0.060033
0 0.429752 0.206826 0.013430 0.018914
0 0.414256 0.131168 0.030992 0.046875
0 0.396178 0.107319 0.012397 0.015625
0 0.535124 0.234786 0.050620 0.076480
0 0.493802 0.210115 0.048554 0.045230
0 0.504390 0.129523 0.018079 0.023849
0 0.542614 0.150905 0.045971 0.068257
0 0.562242 0.103207 0.028409 0.037007
0 0.625775 0.215461 0.014979 0.018092
0 0.653151 0.164062 0.013946 0.013980
0 0.630682 0.134868 0.009298 0.009868
0 0.725207 0.259046 0.021694 0.008224
0 0.736312 0.134046 0.017045 0.016447
0 0.795196 0.198602 0.011880 0.013980
0 0.801911 0.165707 0.012913 0.013980
