0 0.534349 0.236431 0.051136 0.074836
0 0.626291 0.216283 0.013946 0.014803
0 0.731921 0.256990 0.011364 0.012336
0 0.628874 0.135280 0.016012 0.015625
0 0.545455 0.153372 0.044421 0.069901
0 0.562242 0.100740 0.029442 0.038651
0 0.494060 0.210938 0.051136 0.050164
0 0.428461 0.205592 0.013946 0.018092
0 0.414773 0.130345 0.032025 0.046875
0 0.495093 0.130757 0.032541 0.027961
0 0.339360 0.160773 0.030992 0.055099
0 0.317407 0.155839 0.017045 0.017270
0 0.651085 0.162829 0.011880 0.011513
0 0.797779 0.196546 0.014979 0.019737
0 0.395919 0.111020 0.012913 0.021382
1 0.540289 0.221628 0.040289 0.071546
1 0.498709 0.187500 0.055269 0.019737
1 0.557335 0.136924 0.037190 0.055099
1 0.424329 0.115132 0.019112 0.024671
1 0.430785 0.198602 0.013430 0.018914
1 0.353306 0.150493 0.023760 0.046053
1 0.324638 0.154605 0.009814 0.013158
1 0.574897 0.091694 0.012397 0.030428
1 0.498450 0.121711 0.039256 0.018092
