0 0.296229 0.220395 0.049070 0.049342
0 0.315857 0.157895 0.011880 0.018092
0 0.340393 0.166530 0.030992 0.060033
0 0.429752 0.206826 0.013430 0.018914
0 0.414256 0.131168 0.030992 0.046875
0 0.396178 0.107319 0.012397 0.015625
0 0.535124 0.234786 0.050620 0.076480
0 0.493802 0.210115 0.048554 0.045230
0 0.504390 0.129523 0.018079 0.023849
0 0.542614 0.150905 0.045971 0.068257
0 0.562242 0.103207 0.028409 0.037007
0 0.625775 0.215461 0.014979 0.018092
0 0.653151 0.164062 0.013946 0.013980
0 0.630682 0.134868 0.009298 0.009868
0 0.725207 0.259046 0.021694 0.008224
0 0.736312 0.134046 0.017045 0.016447
0 0.795196 0.198602 0.011880 0.013980
0 0.801911 0.165707 0.012913 0.013980
1 0.248709 0.215049 0.067665 0.056743
1 0.293130 0.160362 0.070764 0.082237
1 0.299587 0.150493 0.022727 0.031250
1 0.416064 0.201891 0.016012 0.015625
1 0.384298 0.123766 0.039256 0.055099
1 0.381973 0.105674 0.014979 0.013980
1 0.475981 0.223273 0.086260 0.089638
1 0.460227 0.192845 0.045455 0.035362
1 0.491219 0.142270 0.068182 0.083882
1 0.498192 0.127056 0.012913 0.020559
1 0.540806 0.094572 0.027893 0.046053
1 0.614153 0.212993 0.019628 0.016447
1 0.640754 0.161595 0.013946 0.009046
1 0.622159 0.132401 0.008781 0.019737
1 0.719525 0.253701 0.018595 0.012336
1 0.730114 0.131168 0.009814 0.012336
1 0.788740 0.196135 0.011364 0.012336
1 0.798554 0.160773 0.006198 0.007401
