0 0.371384 0.142681 0.009298 0.012336
0 0.397986 0.150493 0.030475 0.059211
0 0.490186 0.192845 0.014463 0.017270
0 0.466684 0.115954 0.030475 0.041118
0 0.484246 0.103618 0.013946 0.013158
0 0.445506 0.093750 0.017045 0.014803
0 0.553719 0.196957 0.053719 0.043586
0 0.600207 0.216283 0.046488 0.065789
0 0.547521 0.120477 0.035124 0.027138
0 0.602789 0.140214 0.038223 0.066612
0 0.612345 0.092928 0.028409 0.044408
0 0.688791 0.203536 0.014979 0.017270
0 0.679752 0.123766 0.009298 0.009046
0 0.704804 0.152961 0.017045 0.016447
0 0.787707 0.124589 0.012397 0.015625
0 0.792872 0.248355 0.015496 0.016447
0 0.853306 0.189556 0.018595 0.012336
0 0.857180 0.156250 0.016012 0.011513
0 0.366477 0.204359 0.026343 0.046875
