0 0.401085 0.151727 0.035640 0.064967
0 0.468233 0.116365 0.031508 0.043586
0 0.444990 0.092928 0.012913 0.018092
0 0.490186 0.190378 0.012397 0.020559
0 0.555527 0.196135 0.052169 0.050164
0 0.547779 0.120888 0.036674 0.031250
0 0.600981 0.222451 0.047004 0.079770
0 0.600207 0.140625 0.044421 0.072368
0 0.612862 0.090872 0.027376 0.038651
0 0.686725 0.203125 0.017045 0.018092
0 0.707645 0.152961 0.014463 0.013158
0 0.680269 0.122533 0.013430 0.011513
0 0.786674 0.122122 0.015496 0.015625
0 0.853564 0.188734 0.013946 0.013980
0 0.856147 0.153783 0.016012 0.013158
0 0.795713 0.247944 0.010847 0.017270
0 0.483988 0.102385 0.009298 0.017270
1 0.428719 0.236020 0.042355 0.021382
1 0.513688 0.200658 0.035640 0.021382
1 0.650568 0.222039 0.069731 0.026316
1 0.531767 0.136924 0.102789 0.027138
1 0.496384 0.105674 0.015496 0.010691
1 0.456612 0.096217 0.011364 0.011513
1 0.474948 0.182155 0.124483 0.028783
1 0.687758 0.261924 0.172004 0.053454
1 0.710744 0.210526 0.030992 0.014803
1 0.825671 0.260691 0.052169 0.026316
1 0.721333 0.173520 0.204029 0.029605
1 0.684401 0.110609 0.117769 0.010691
1 0.724174 0.155839 0.017562 0.012336
1 0.701705 0.127056 0.027376 0.010691
1 0.812500 0.125411 0.033058 0.015625
1 0.871126 0.155016 0.014979 0.010691
1 0.875517 0.195312 0.033058 0.009046
1 0.598657 0.125822 0.065083 0.006579
