0 0.293130 0.217516 0.039773 0.043586
0 0.336519 0.164474 0.027376 0.064145
0 0.428461 0.203536 0.012913 0.017270
0 0.415031 0.131990 0.032541 0.046875
0 0.393079 0.106908 0.013430 0.023026
0 0.433368 0.118421 0.012397 0.018092
0 0.495610 0.132401 0.034607 0.027961
0 0.493285 0.208882 0.050620 0.049342
0 0.533574 0.235609 0.048554 0.078125
0 0.543388 0.152961 0.047521 0.070724
0 0.561983 0.104852 0.026860 0.045230
0 0.626550 0.216694 0.016529 0.018914
0 0.651860 0.165296 0.008264 0.009868
0 0.627066 0.135280 0.013430 0.015625
0 0.736570 0.134046 0.017562 0.018092
0 0.796746 0.199424 0.009814 0.012336
0 0.801653 0.163651 0.013430 0.009868
0 0.731663 0.257812 0.008781 0.009046
1 0.337810 0.243010 0.084711 0.040296
1 0.402118 0.194079 0.144112 0.026316
1 0.454029 0.213816 0.039256 0.014803
1 0.473140 0.154605 0.097107 0.027961
1 0.447314 0.120066 0.017562 0.011513
1 0.415806 0.111431 0.030992 0.010691
1 0.587293 0.234786 0.084711 0.028783
1 0.609504 0.280016 0.153926 0.032072
1 0.655733 0.223684 0.040806 0.013158
1 0.761105 0.272204 0.047004 0.024671
1 0.666064 0.179688 0.207128 0.030428
1 0.816632 0.204359 0.029959 0.017270
1 0.818182 0.164474 0.011364 0.019737
1 0.759814 0.138569 0.030992 0.017270
1 0.667097 0.168997 0.018079 0.012336
1 0.649535 0.139803 0.038740 0.013158
1 0.630940 0.120066 0.124483 0.018092
1 0.530733 0.138569 0.079029 0.009046
