0 0.017820 0.658306 0.029442 0.028783
0 0.068182 0.612664 0.036157 0.021382
0 0.169163 0.778372 0.026343 0.028783
0 0.182593 0.619243 0.068698 0.080592
0 0.186725 0.537829 0.064566 0.072368
0 0.165289 0.453125 0.026860 0.077303
0 0.375000 0.464638 0.057851 0.103618
0 0.263946 0.421464 0.014463 0.022204
0 0.333161 0.698191 0.070248 0.133224
0 0.458161 0.600329 0.023760 0.031250
0 0.533833 0.757812 0.058368 0.097862
0 0.512913 0.521382 0.077479 0.075658
0 0.533058 0.429276 0.016529 0.019737
0 0.503099 0.322780 0.013430 0.015625
0 0.413223 0.312089 0.016529 0.020559
0 0.308626 0.342516 0.019112 0.015625
0 0.665548 0.471628 0.035640 0.091283
0 0.633781 0.377056 0.016529 0.018914
