0 0.537707 0.762336 0.073347 0.106908
0 0.337810 0.696957 0.072314 0.122533
0 0.171746 0.779605 0.029442 0.041118
0 0.182335 0.614309 0.063017 0.067434
0 0.188533 0.536595 0.059917 0.068257
0 0.168130 0.454770 0.026343 0.077303
0 0.378357 0.467105 0.050103 0.108553
0 0.264721 0.417763 0.019112 0.023026
0 0.381457 0.403783 0.017045 0.013158
0 0.307851 0.343339 0.018595 0.013980
0 0.415289 0.308799 0.011364 0.017270
0 0.502583 0.325658 0.017562 0.013158
0 0.516012 0.522615 0.069215 0.089638
0 0.456870 0.604441 0.019112 0.039474
0 0.632490 0.379934 0.020145 0.023026
0 0.665289 0.468750 0.040289 0.095395
0 0.534091 0.428043 0.017562 0.022204
0 0.016529 0.656661 0.028926 0.027138
