0 0.534866 0.759868 0.068698 0.098684
0 0.336519 0.701069 0.064566 0.134046
0 0.177169 0.613898 0.075413 0.069901
0 0.458936 0.601974 0.020145 0.031250
0 0.512138 0.513158 0.068698 0.067434
0 0.663481 0.470806 0.036674 0.089638
0 0.169163 0.455181 0.027376 0.076480
0 0.376808 0.463816 0.054236 0.105263
0 0.262913 0.414474 0.018595 0.016447
0 0.382231 0.408306 0.018595 0.017270
0 0.504907 0.325247 0.018079 0.017270
0 0.419163 0.314556 0.014979 0.022204
0 0.308626 0.342516 0.025310 0.013980
0 0.534607 0.428454 0.015496 0.026316
0 0.632490 0.377467 0.018079 0.018092
1 0.426911 0.835526 0.226756 0.106908
1 0.161157 0.789885 0.321281 0.115954
1 0.088585 0.668586 0.176136 0.069079
1 0.190599 0.548109 0.348140 0.092928
1 0.417614 0.628289 0.069731 0.041118
1 0.440599 0.558388 0.219008 0.085526
1 0.524535 0.548931 0.268079 0.112664
1 0.079545 0.481908 0.158058 0.036184
1 0.244835 0.427632 0.043388 0.011513
1 0.278926 0.350329 0.034091 0.016447
1 0.402634 0.318257 0.043905 0.023026
1 0.485021 0.334704 0.032025 0.013158
1 0.613636 0.385691 0.025826 0.024671
1 0.503874 0.438734 0.055269 0.030428
