0 0.646436 0.738898 0.065599 0.083059
0 0.438533 0.682155 0.068182 0.122533
0 0.270661 0.605263 0.065083 0.080592
0 0.150310 0.596628 0.030992 0.022204
0 0.103048 0.643503 0.032541 0.030428
0 0.259298 0.520559 0.070248 0.059211
0 0.240186 0.441201 0.025826 0.071546
0 0.331612 0.407072 0.014463 0.019737
0 0.452738 0.453125 0.057335 0.115132
0 0.449380 0.392681 0.018595 0.015625
0 0.369060 0.329770 0.018079 0.016447
0 0.473657 0.300987 0.013430 0.014803
0 0.564566 0.308388 0.018595 0.011513
0 0.608988 0.418174 0.023760 0.027138
0 0.597882 0.509868 0.071798 0.083882
0 0.548037 0.591694 0.025826 0.033717
0 0.748192 0.457237 0.038740 0.092105
0 0.703771 0.363487 0.020145 0.009868
0 0.553977 0.370066 0.017045 0.016447
