0 0.100207 0.645559 0.025826 0.031250
0 0.155217 0.600329 0.022211 0.021382
0 0.273502 0.600740 0.067665 0.069901
0 0.266012 0.523849 0.059917 0.064145
0 0.237862 0.439967 0.025310 0.075658
0 0.453771 0.452303 0.058368 0.115132
0 0.439824 0.685444 0.065599 0.127467
0 0.271694 0.763569 0.026860 0.027138
0 0.649793 0.751645 0.060950 0.108553
0 0.549845 0.590461 0.027376 0.019737
0 0.598915 0.509457 0.077996 0.079770
0 0.607180 0.413651 0.021178 0.024671
0 0.748967 0.459293 0.036157 0.089638
0 0.702221 0.367188 0.014979 0.020559
0 0.477014 0.300576 0.011880 0.025493
0 0.334711 0.413240 0.020661 0.030428
0 0.565857 0.314145 0.014979 0.018092
0 0.371901 0.332648 0.014463 0.015625
1 0.123192 0.668174 0.032541 0.060033
1 0.295971 0.792352 0.050620 0.038651
1 0.170713 0.604030 0.011880 0.023849
1 0.337293 0.661595 0.153926 0.099507
1 0.644628 0.825658 0.394628 0.217105
1 0.826705 0.843339 0.338326 0.173520
1 0.303202 0.547697 0.087810 0.026316
1 0.306818 0.470395 0.126033 0.044408
1 0.350723 0.409539 0.025826 0.018092
1 0.387397 0.333882 0.020661 0.018092
1 0.490702 0.303865 0.023760 0.025493
1 0.584969 0.316612 0.031508 0.021382
1 0.588068 0.610197 0.050103 0.037829
1 0.675620 0.540296 0.164256 0.065789
1 0.600465 0.504523 0.279442 0.064967
1 0.643079 0.420641 0.049587 0.023849
1 0.723140 0.370477 0.033058 0.028783
1 0.880682 0.513158 0.238636 0.078947
