0 0.014205 0.650082 0.027376 0.018914
0 0.180269 0.615954 0.065083 0.070724
0 0.185434 0.530839 0.065083 0.060033
0 0.169421 0.454770 0.034091 0.070724
0 0.332128 0.688734 0.064050 0.112664
0 0.375258 0.465049 0.057335 0.111020
0 0.264979 0.418997 0.019628 0.025493
0 0.454029 0.606086 0.029959 0.032895
0 0.526343 0.752467 0.049587 0.083882
0 0.506457 0.525493 0.079029 0.085526
0 0.531250 0.430099 0.019112 0.026316
0 0.309401 0.345395 0.019628 0.018092
0 0.413223 0.314967 0.016529 0.019737
0 0.500517 0.324836 0.019628 0.014803
0 0.660124 0.469161 0.039256 0.084704
0 0.629132 0.372122 0.018595 0.015625
0 0.069990 0.613898 0.019112 0.018914
0 0.380940 0.407895 0.017045 0.018092
1 0.030733 0.638980 0.032541 0.039474
1 0.081095 0.598684 0.026860 0.031250
1 0.402118 0.634046 0.115186 0.187500
1 0.235021 0.565789 0.069215 0.108553
1 0.220041 0.510280 0.023760 0.068257
1 0.205320 0.423931 0.048037 0.097862
1 0.276343 0.411184 0.020661 0.018092
1 0.387397 0.398438 0.019628 0.013980
1 0.313017 0.332237 0.019628 0.018092
1 0.428977 0.412007 0.090393 0.152961
1 0.420455 0.307977 0.017562 0.017270
1 0.506715 0.316612 0.020661 0.018092
1 0.548037 0.412829 0.018595 0.027961
1 0.556302 0.489720 0.057851 0.104441
1 0.590393 0.719984 0.080579 0.142270
1 0.726240 0.416530 0.119835 0.162007
1 0.646952 0.363487 0.022211 0.023026
1 0.480114 0.582648 0.034607 0.058388
