0 0.014205 0.650082 0.027376 0.018914
0 0.180269 0.615954 0.065083 0.070724
0 0.185434 0.530839 0.065083 0.060033
0 0.169421 0.454770 0.034091 0.070724
0 0.332128 0.688734 0.064050 0.112664
0 0.375258 0.465049 0.057335 0.111020
0 0.264979 0.418997 0.019628 0.025493
0 0.454029 0.606086 0.029959 0.032895
0 0.526343 0.752467 0.049587 0.083882
0 0.506457 0.525493 0.079029 0.085526
0 0.531250 0.430099 0.019112 0.026316
0 0.309401 0.345395 0.019628 0.018092
0 0.413223 0.314967 0.016529 0.019737
0 0.500517 0.324836 0.019628 0.014803
0 0.660124 0.469161 0.039256 0.084704
0 0.629132 0.372122 0.018595 0.015625
0 0.069990 0.613898 0.019112 0.018914
0 0.380940 0.407895 0.017045 0.018092
