0 0.017820 0.658306 0.029442 0.028783
0 0.068182 0.612664 0.036157 0.021382
0 0.169163 0.778372 0.026343 0.028783
0 0.182593 0.619243 0.068698 0.080592
0 0.186725 0.537829 0.064566 0.072368
0 0.165289 0.453125 0.026860 0.077303
0 0.375000 0.464638 0.057851 0.103618
0 0.263946 0.421464 0.014463 0.022204
0 0.333161 0.698191 0.070248 0.133224
0 0.458161 0.600329 0.023760 0.031250
0 0.533833 0.757812 0.058368 0.097862
0 0.512913 0.521382 0.077479 0.075658
0 0.533058 0.429276 0.016529 0.019737
0 0.503099 0.322780 0.013430 0.015625
0 0.413223 0.312089 0.016529 0.020559
0 0.308626 0.342516 0.019112 0.015625
0 0.665548 0.471628 0.035640 0.091283
0 0.633781 0.377056 0.016529 0.018914
1 0.021952 0.683799 0.042872 0.030428
1 0.082386 0.623355 0.020145 0.026316
1 0.186983 0.803865 0.047521 0.037007
1 0.240961 0.672286 0.145145 0.111020
1 0.517304 0.827303 0.368285 0.218750
1 0.691116 0.853207 0.326446 0.186678
1 0.231147 0.560855 0.080062 0.046053
1 0.231147 0.487664 0.115186 0.034539
1 0.282541 0.423931 0.023760 0.015625
1 0.505682 0.509868 0.263430 0.054276
1 0.491219 0.615954 0.061983 0.031250
1 0.595816 0.546053 0.164773 0.090461
1 0.326188 0.347039 0.022211 0.013158
1 0.431302 0.314556 0.023760 0.020559
1 0.525052 0.325658 0.031508 0.019737
1 0.559917 0.434622 0.056818 0.023849
1 0.655475 0.377878 0.035124 0.017270
1 0.821798 0.522204 0.288223 0.083882
