0 0.536157 0.758635 0.064050 0.097862
0 0.334194 0.690378 0.067149 0.127467
0 0.456095 0.602385 0.023760 0.030428
0 0.508264 0.522204 0.071281 0.085526
0 0.665548 0.466694 0.034607 0.092928
0 0.533833 0.430921 0.020145 0.029605
0 0.374742 0.466283 0.061467 0.105263
0 0.504390 0.325247 0.017045 0.010691
0 0.415289 0.311266 0.021694 0.020559
0 0.309143 0.340872 0.024277 0.015625
0 0.270145 0.413240 0.021694 0.027138
0 0.168905 0.452714 0.028926 0.068257
0 0.188791 0.534128 0.060434 0.068257
0 0.176136 0.612664 0.074380 0.077303
0 0.168130 0.771382 0.034607 0.047697
1 0.526860 0.716694 0.056818 0.041941
1 0.338326 0.662418 0.070248 0.089638
0 0.382231 0.403783 0.018595 0.019737
1 0.382748 0.432977 0.053719 0.053454
1 0.513688 0.498766 0.066632 0.060033
1 0.661932 0.437911 0.029442 0.051809
1 0.202996 0.586349 0.041322 0.046053
1 0.210486 0.507401 0.032541 0.026316
