0 0.100207 0.645559 0.025826 0.031250
0 0.155217 0.600329 0.022211 0.021382
0 0.273502 0.600740 0.067665 0.069901
0 0.266012 0.523849 0.059917 0.064145
0 0.237862 0.439967 0.025310 0.075658
0 0.453771 0.452303 0.058368 0.115132
0 0.439824 0.685444 0.065599 0.127467
0 0.271694 0.763569 0.026860 0.027138
0 0.649793 0.751645 0.060950 0.108553
0 0.549845 0.590461 0.027376 0.019737
0 0.598915 0.509457 0.077996 0.079770
0 0.607180 0.413651 0.021178 0.024671
0 0.748967 0.459293 0.036157 0.089638
0 0.702221 0.367188 0.014979 0.020559
0 0.477014 0.300576 0.011880 0.025493
0 0.334711 0.413240 0.020661 0.030428
0 0.565857 0.314145 0.014979 0.018092
0 0.371901 0.332648 0.014463 0.015625
