0 0.646436 0.738898 0.065599 0.083059
0 0.438533 0.682155 0.068182 0.122533
0 0.270661 0.605263 0.065083 0.080592
0 0.150310 0.596628 0.030992 0.022204
0 0.103048 0.643503 0.032541 0.030428
0 0.259298 0.520559 0.070248 0.059211
0 0.240186 0.441201 0.025826 0.071546
0 0.331612 0.407072 0.014463 0.019737
0 0.452738 0.453125 0.057335 0.115132
0 0.449380 0.392681 0.018595 0.015625
0 0.369060 0.329770 0.018079 0.016447
0 0.473657 0.300987 0.013430 0.014803
0 0.564566 0.308388 0.018595 0.011513
0 0.608988 0.418174 0.023760 0.027138
0 0.597882 0.509868 0.071798 0.083882
0 0.548037 0.591694 0.025826 0.033717
0 0.748192 0.457237 0.038740 0.092105
0 0.703771 0.363487 0.020145 0.009868
0 0.553977 0.370066 0.017045 0.016447
1 0.115702 0.626234 0.030992 0.045230
1 0.164256 0.588405 0.022727 0.030428
1 0.691116 0.696957 0.071281 0.117599
1 0.497934 0.623355 0.095041 0.190789
1 0.310692 0.562089 0.068698 0.117599
1 0.295971 0.495888 0.025826 0.067434
1 0.270661 0.408306 0.041322 0.099507
1 0.342717 0.398438 0.018079 0.027138
1 0.372417 0.321957 0.017562 0.027138
1 0.456612 0.382401 0.018595 0.016447
1 0.506457 0.397204 0.064566 0.141447
1 0.483729 0.294819 0.018079 0.017270
1 0.567665 0.365132 0.014463 0.013158
1 0.634814 0.475740 0.053719 0.099507
1 0.622934 0.402961 0.017562 0.027961
1 0.569731 0.301809 0.018595 0.009868
1 0.571023 0.577303 0.022211 0.046053
1 0.710744 0.352796 0.022727 0.021382
1 0.806043 0.408306 0.093492 0.178454
