0 0.274019 0.601974 0.065599 0.075658
0 0.455837 0.454359 0.055269 0.112664
0 0.242769 0.436678 0.033058 0.082237
0 0.440083 0.686678 0.067149 0.131579
0 0.648502 0.747944 0.070764 0.099507
0 0.746643 0.456414 0.033574 0.085526
0 0.600723 0.503701 0.069215 0.076480
0 0.611570 0.415707 0.017562 0.022204
0 0.698864 0.364720 0.012397 0.018914
0 0.553977 0.588816 0.021178 0.026316
0 0.476498 0.298109 0.013946 0.018914
0 0.369576 0.328947 0.021178 0.019737
0 0.565341 0.311678 0.018079 0.018092
0 0.252583 0.534539 0.027893 0.032895
0 0.154442 0.595395 0.023760 0.024671
0 0.336260 0.406250 0.015496 0.024671
1 0.126808 0.608964 0.045971 0.018914
1 0.135331 0.665296 0.269628 0.080592
1 0.272986 0.784951 0.342459 0.114309
1 0.547004 0.826480 0.203512 0.108553
1 0.265238 0.533717 0.348657 0.075658
1 0.206870 0.549753 0.081095 0.022204
1 0.141787 0.474095 0.186467 0.027138
1 0.308110 0.418174 0.050103 0.017270
1 0.339360 0.335938 0.047521 0.015625
1 0.451963 0.304276 0.038223 0.021382
1 0.544421 0.320312 0.028926 0.018914
1 0.598140 0.544819 0.275826 0.104441
1 0.525568 0.550987 0.187500 0.080592
1 0.512655 0.611020 0.069731 0.032895
1 0.577738 0.428454 0.051136 0.023026
1 0.683884 0.374178 0.030992 0.014803
