0 0.537707 0.762336 0.073347 0.106908
0 0.337810 0.696957 0.072314 0.122533
0 0.171746 0.779605 0.029442 0.041118
0 0.182335 0.614309 0.063017 0.067434
0 0.188533 0.536595 0.059917 0.068257
0 0.168130 0.454770 0.026343 0.077303
0 0.378357 0.467105 0.050103 0.108553
0 0.264721 0.417763 0.019112 0.023026
0 0.381457 0.403783 0.017045 0.013158
0 0.307851 0.343339 0.018595 0.013980
0 0.415289 0.308799 0.011364 0.017270
0 0.502583 0.325658 0.017562 0.013158
0 0.516012 0.522615 0.069215 0.089638
0 0.456870 0.604441 0.019112 0.039474
0 0.632490 0.379934 0.020145 0.023026
0 0.665289 0.468750 0.040289 0.095395
0 0.534091 0.428043 0.017562 0.022204
0 0.016529 0.656661 0.028926 0.027138
1 0.415031 0.794408 0.241219 0.060855
1 0.137913 0.788240 0.056818 0.023849
1 0.161932 0.732730 0.318698 0.065789
1 0.080320 0.626645 0.159607 0.065789
1 0.138430 0.539885 0.070248 0.055099
1 0.102273 0.459293 0.128099 0.061678
1 0.271952 0.482319 0.188533 0.078125
1 0.415289 0.608553 0.066116 0.021382
1 0.416064 0.537829 0.148244 0.062500
1 0.527634 0.489309 0.260847 0.044408
1 0.243802 0.423520 0.028926 0.024671
1 0.504649 0.429688 0.046488 0.028783
1 0.286674 0.344572 0.023760 0.014803
1 0.400568 0.315378 0.028409 0.022204
1 0.485279 0.323191 0.023244 0.026316
1 0.611829 0.380757 0.022211 0.018092
