0 0.649793 0.748355 0.069215 0.097039
0 0.440599 0.685444 0.063017 0.125822
0 0.453512 0.456414 0.054752 0.110197
0 0.596849 0.509046 0.073864 0.085526
0 0.550878 0.590049 0.025310 0.028783
0 0.273244 0.600329 0.061983 0.078947
0 0.750000 0.457648 0.032025 0.086349
0 0.610795 0.417352 0.014979 0.022204
0 0.271178 0.520970 0.058884 0.051809
0 0.281250 0.773849 0.025310 0.027961
0 0.335486 0.405428 0.023244 0.021382
0 0.241219 0.439145 0.028926 0.072368
0 0.370868 0.328947 0.022727 0.027961
0 0.564566 0.310444 0.016529 0.013980
0 0.487087 0.296053 0.021694 0.014803
1 0.631973 0.709293 0.048037 0.050164
1 0.429236 0.637747 0.065083 0.079770
1 0.587293 0.489309 0.053719 0.067434
1 0.541581 0.583059 0.024277 0.021382
1 0.284866 0.571135 0.032541 0.033717
1 0.456095 0.407895 0.063017 0.060855
1 0.741219 0.437500 0.014463 0.075658
