0 0.654442 0.748355 0.084711 0.103618
0 0.442924 0.686266 0.066632 0.130757
0 0.274277 0.771382 0.029959 0.044408
0 0.275310 0.599918 0.060950 0.078125
0 0.269112 0.518092 0.055785 0.067434
0 0.104597 0.641036 0.039773 0.037007
0 0.240444 0.442023 0.030475 0.081414
0 0.334711 0.407072 0.020661 0.018092
0 0.454804 0.451891 0.053202 0.107730
0 0.450671 0.395148 0.017045 0.017270
0 0.370351 0.330592 0.021694 0.023026
0 0.476498 0.301398 0.017045 0.023849
0 0.565341 0.312089 0.019112 0.020559
0 0.610021 0.418586 0.016529 0.027961
0 0.601498 0.508224 0.062500 0.078947
0 0.550620 0.590872 0.023760 0.037007
0 0.747934 0.454359 0.041322 0.091283
0 0.700930 0.367188 0.024793 0.023849
1 0.054494 0.667352 0.083161 0.051809
1 0.150568 0.620477 0.204029 0.063322
1 0.236570 0.775082 0.057851 0.032072
1 0.260072 0.716694 0.310434 0.060033
1 0.516529 0.780839 0.232438 0.094572
1 0.215909 0.529605 0.074380 0.059211
1 0.165806 0.449013 0.123967 0.054276
1 0.336260 0.468339 0.178719 0.074836
1 0.501808 0.524260 0.156508 0.060033
1 0.514979 0.596628 0.073347 0.020559
1 0.310176 0.410773 0.030475 0.022204
1 0.348140 0.332237 0.036157 0.019737
1 0.455320 0.299342 0.031508 0.027961
1 0.543647 0.313734 0.024277 0.018914
1 0.584969 0.416530 0.038740 0.023849
1 0.614411 0.481497 0.264979 0.058388
1 0.504132 0.527961 0.150826 0.070724
1 0.678977 0.366776 0.034607 0.026316
