1 0.0034435261707988787 0.4139254385964913 0.009756657483930224 0.3974780701754386 0.10961891643709823 0.2585891812865498 0.457415059687787 0.23665935672514624 0.629591368227732 0.23483187134502922 0.8287419651056015 0.23665935672514624 0.8769513314967861 0.23391812865497078 1 0.42945906432748543 1 1 0.0005739210284665286 0.9978070175438598
2 0.681640625 0.443115234375 0.7060546875 0.43534128289473684 0.708984375 0.4306769120065789 0.709163530918318 0.4190749803323371 0.7109375 0.40580026726973684 0.7060546875 0.3980263157894737 0.6992101286196589 0.39749424575877307 0.6954103465801174 0.4008713367122084 0.6884765625 0.3980263157894737 0.6865234375 0.3949167351973684 0.6787109375 0.3949167351973684 0.6767578125 0.3980263157894737 0.6707591409729787 0.40109364478512316 0.6650830385898544 0.40238529781730803 0.6607752858332796 0.4118425812181752 0.66015625 0.4306769120065789 0.6689453125 0.44156044407894735 0.6748046875 0.44156044407894735 0.6767578125 0.44467002467105265
2 0.763671875 0.46488229851973684 0.7666015625 0.46332750822368424 0.771484375 0.4555535567434211 0.771484375 0.44622481496710525 0.767578125 0.44000565378289475 0.767578125 0.4368960731907895 0.7646484375 0.4322317023026316 0.7626953125 0.4322317023026316 0.7607421875 0.4291221217105263 0.7470920797283135 0.4296560948529897 0.7400769094660019 0.4293543257718504 0.7367659213132706 0.43094919009493854 0.7355299235290782 0.43492767700117174 0.733831865525532 0.43825182958638614 0.7310692637601479 0.4388380888545401 0.726595797105031 0.43832114934235966 0.7239686783228199 0.43643679549519304 0.7170538895389408 0.4327135504146137 0.7079094327550216 0.4303137239154032 0.7148404182401269 0.43559279645557464 0.7214985299743667 0.43913746425151107 0.7117379972240178 0.4362036665194879 0.713703305123837 0.4408913323004141 0.7193294957789167 0.44464009777357216 0.7140433190464516 0.44185629738067567 0.7152835996122182 0.4445282587101049 0.7174976289704493 0.4509124776039891 0.7199283065117478 0.4582683801910048 0.7223083780137988 0.4614301594076418 0.7258208775286599 0.4617939843536028 0.728282222381655 0.4617298922322652 0.7294287057049043 0.46162300082422425 0.7315955119887272 0.4619910223191472 0.7332277968497941 0.46232893064664227 0.7349371155406512 0.4626035186319192 0.7412109375 0.4664370888157895 0.7626953125 0.4664370888157895
3 0.71484375 0.5177451685855263 0.7275390625 0.5099712171052632 0.732421875 0.502197265625 0.732421875 0.4866493626644737 0.72265625 0.46488229851973684 0.71875 0.4493343955592105 0.7099609375 0.43534128289473684 0.7060546875 0.43534128289473684 0.7030300086701536 0.4364208519623165 0.6962890625 0.4384508634868421 0.6933768481288113 0.43937207549880997 0.6865234375 0.44156044407894735 0.6832057499633939 0.44279845426224484 0.6767671683383535 0.4449915989391773 0.6748166655602086 0.44156920250849635 0.6689023794438579 0.4416367369076556 0.6602747147775263 0.4310974420701339 0.6602535201743921 0.42722343296874893 0.6579731527074956 0.42450734002639284 0.6525549097528005 0.4287778548254262 0.6485619012224847 0.43183695485682894 0.6497942828347631 0.4344709328326772 0.6563257131740564 0.4322803738571892 0.6592241839897819 0.4356753816660525 0.6623762979297231 0.43497347436641876 0.6621823109132015 0.4394077553091112 0.6541650156917281 0.44314207807998796 0.6492344311592954 0.44612649893110035 0.6500392709896734 0.44363659575473346 0.6463530114704342 0.4429458860883191 0.6456736991434289 0.45095130263709887 0.6526704006888648 0.4529154414675709 0.6571672319574682 0.4523251740254999 0.666015625 0.4617727179276316 0.66796875 0.46488229851973684 0.66796875 0.47110145970394735 0.6806640625 0.5037520559210527 0.6962890625 0.5161903782894737 0.7021484375 0.5161903782894737 0.7041015625 0.519299958881579
0 0 0.41483918128654973 0 0 0.9997704315886136 0.0009320175437065023 1 0.42582236842089954 0.8775252525252525 0.23576388888873578 0.6674701561065198 0.23210891812850185 0.11593204775022964 0.245815058479379
2 0.744140625 0.3498278166118421 0.75 0.3436086554276316 0.751953125 0.3311703330592105 0.740234375 0.3094032689144737 0.7333984375 0.3016293174342105 0.7197265625 0.30473889802631576 0.7060546875 0.3140676398026316 0.6962890625 0.3140676398026316 0.6923828125 0.3202868009868421 0.6845703125 0.32339638157894735 0.67578125 0.3373894942434211 0.6787109375 0.3482730263157895 0.6865234375 0.3482730263157895 0.6884765625 0.35138260690789475
3 0.765625 0.39336194490131576 0.76953125 0.3902523643092105 0.767578125 0.3715948807565789 0.765625 0.3653757195723684 0.7529296875 0.3482730263157895 0.7451171875 0.3482730263157895 0.7431640625 0.35138260690789475 0.6796875 0.3498278166118421 0.6884765625 0.3669305098684211 0.6962890625 0.3731496710526316 0.7119140625 0.37625925164473684 0.7138671875 0.3793688322368421 0.7236328125 0.3793688322368421 0.7373046875 0.3886975740131579
2 0.49609375 0.4679918791118421 0.498046875 0.4493343955592105 0.4921875 0.4275673314144737 0.4853515625 0.41668379934210525 0.4716796875 0.41357421875 0.458984375 0.4306769120065789 0.455078125 0.4493343955592105 0.4560546875 0.4571083470394737 0.4755859375 0.46332750822368424 0.4775390625 0.4664370888157895
3 0.46484375 0.5457313939144737 0.484375 0.5177451685855263 0.494140625 0.4897589432565789 0.494140625 0.47421104029605265 0.49609375 0.47110145970394735 0.4873046875 0.46332750822368424 0.4755859375 0.46332750822368424 0.4736328125 0.4602179276315789 0.4638671875 0.4602179276315789 0.4580078125 0.4539987664473684 0.4521484375 0.4539987664473684 0.44140625 0.47421104029605265 0.4453125 0.4835397820723684 0.4453125 0.4959781044407895 0.443359375 0.49908768503289475 0.443359375 0.5395122327302632 0.4482421875 0.5472861842105263
2 0.427734375 0.4368960731907895 0.4296875 0.43378649259868424 0.427734375 0.41512900904605265 0.4228515625 0.4073550575657895 0.4130859375 0.41046463815789475 0.408203125 0.43378649259868424 0.4111328125 0.4384508634868421
3 0.40234375 0.47421104029605265 0.4150390625 0.46332750822368424 0.421875 0.45244397615131576 0.42578125 0.44000565378289475 0.4111328125 0.4384508634868421 0.4091796875 0.43534128289473684 0.3984375 0.4555535567434211 0.39453125 0.4679918791118421 0.3974609375 0.47576583059210525
2 0.35546875 0.5861559416118421 0.3681640625 0.5752724095394737 0.3759765625 0.5752724095394737 0.38671875 0.5550601356907895 0.392578125 0.5364026521381579 0.388671875 0.5177451685855263 0.3837890625 0.5099712171052632 0.3720703125 0.5037520559210527 0.3525390625 0.5037520559210527 0.322265625 0.548840974506579 0.31640625 0.5706080386513158 0.3193359375 0.578381990131579 0.3369140625 0.5846011513157895 0.3388671875 0.5877107319078947
3 0.265625 0.7665116159539473 0.2783203125 0.7494089226973685 0.2939453125 0.7369706003289473 0.3154296875 0.7058747944078947 0.3232421875 0.6996556332236842 0.326171875 0.6887721011513158 0.3388671875 0.6685598273026315 0.3447265625 0.6654502467105263 0.361328125 0.6421283922697368 0.37109375 0.6141421669407895 0.3716399538722909 0.6045772238046357 0.37561836018202815 0.6069449521693897 0.3812584365813163 0.6068568933801703 0.38455358680738927 0.6055116855902659 0.38750498012192647 0.6066957700640693 0.39245286326569573 0.605582453308177 0.3963253520729721 0.6030257437902141 0.405189874831906 0.5981766961340288 0.4237787297873197 0.5919134280787698 0.40233056023317315 0.591351562155956 0.3901469777062134 0.58772943662768 0.3870895188021778 0.5838511807858136 0.38389683091623533 0.5835036331415843 0.3803656368772592 0.5688081762616747 0.3760608446886472 0.5753210200577537 0.36816753087924414 0.5751544327920098 0.3558084741698395 0.5863315827981905 0.3369140625 0.5877107319078947 0.3349609375 0.5846011513157895 0.3173828125 0.578381990131579 0.310546875 0.5892655222039473 0.310546875 0.5923751027960527 0.29296875 0.620361328125 0.29296875 0.6265804893092105 0.2890625 0.632799650493421 0.28125 0.6576762952302632 0.271484375 0.7105391652960527 0.267578125 0.7198679070723685 0.265625 0.7416349712171053 0.259765625 0.7571828741776315 0.259765625 0.7602924547697368 0.2646484375 0.76806640625
2 0.10040342802699832 0.6435856487446778 0.10864924101813823 0.6386139707257917 0.12406422526979882 0.6387355918876235 0.13863133852679652 0.6376877571045251 0.15001335778800112 0.6479896089420972 0.16034450573435166 0.6594461541609133 0.16066702960755266 0.6733988015971504 0.16526685243915074 0.6800197081580551 0.1620111067431341 0.6862999374602886 0.15273625610150454 0.6954002546193528 0.14547521922815218 0.6999313895881573 0.1403354534888305 0.7027719969552088 0.13211587566432467 0.7008671981203151 0.11573600749200434 0.6948766092095296 0.1044604021369635 0.691707740045931 0.09655565820468197 0.6914285256206483 0.09270880213705802 0.6933743735493809 0.08741832921298633 0.689641535166723 0.08487266092980561 0.6809055425664008 0.08594083470185737 0.6765582974645974 0.08564840673282426 0.6727291976977127 0.08490639629454269 0.6687515102845283 0.08314837873970028 0.6648889920222298 0.08353488881974537 0.6574236426423252 0.08892994169070191 0.6502903376196393 0.09308115278666988 0.6467948561782952 0.09848280158703325 0.6468501616476079
3 0.09276355396617543 0.6936604619026184 0.08737933816661424 0.6898161463095133 0.08505204711958078 0.6812148752668981 0.08249226653728672 0.6738508225092881 0.07889523853035708 0.6745648834727904 0.07367770728585485 0.6743568074113968 0.07137959957962249 0.676718333665846 0.06734944578136745 0.6728635035898997 0.06382516177483387 0.6732595181820266 0.06286144010351273 0.6771162613113028 0.06818539498174121 0.6826419827944965 0.07260691068254722 0.6841890956343915 0.07246078908362369 0.6862647283704779 0.07372081402440041 0.6866871164865289 0.07420542518030822 0.6854189378686314 0.07559175365308078 0.6846442742878985 0.0732456942315464 0.6905902022029654 0.06697587821439889 0.6914156420351375 0.06677493619207167 0.6935741837911263 0.07124988848752661 0.6956912509526144 0.07127119755901239 0.6971407378190378 0.06661701264586373 0.6974200887954352 0.06106891464916303 0.6984095136690923 0.05814109235823097 0.7039373540722473 0.06390669980860868 0.7072719892977265 0.060152290438946765 0.7217549955249735 0.060348176285140394 0.7237798846470135 0.0678610708572203 0.7217456210615433 0.06495796204564452 0.7253420558778172 0.060975176800232206 0.7254031380136648 0.05567519230618765 0.7309921748486308 0.04713638257455966 0.7401600209874035 0.03790133675888814 0.74774469749898 0.029713861919496574 0.7563675619427632 0.01560183655610083 0.7753695782714413 0.007606669887668328 0.78388835608152 0.0030176667763218415 0.7879089941549965 0 0.7902428740272035 0.00009996261582111981 0.828070903405259 0.003295595173670304 0.8244247116284276 0.009148617100582313 0.8235976298843425 0.015569453281311473 0.8213788696281302 0.01723414883762923 0.8268772836558529 0.017109601097470305 0.8323013572345589 0.013017297942201446 0.8324339554296644 0.01658618599629773 0.83735113515074 0.02032223362906546 0.837994774662926 0.0228398625983554 0.8382869897932108 0.02604283039427373 0.8366705752156285 0.027807259340049833 0.83647449980216 0.02921458481358671 0.8342349520373239 0.028849518809605883 0.8323844419942684 0.024557915943584373 0.8311400133560305 0.02181267709031488 0.829257337907119 0.021381092739219745 0.8246820022378833 0.019316540021822263 0.8214815895454421 0.02067644650684427 0.8196164303341716 0.02133413082398379 0.8179071473107556 0.019005036701670776 0.8163317478936065 0.019541565077603833 0.8152014170699128 0.025646342966539927 0.8138331621635174 0.028060490545484464 0.8167966148316279 0.03143810446515985 0.8164092817859772 0.03578263326464973 0.8121988171044627 0.039906971470296204 0.8084106951553564 0.04328146153052745 0.8043781720497754 0.04545787741653671 0.8053463904330276 0.0455963454022106 0.8072710425901746 0.044149840868097305 0.809454614715847 0.045785731351155164 0.8136390498213455 0.047235511051729066 0.8142302485750613 0.046848707273049156 0.8216196053543403 0.04858986961281395 0.8220762376271097 0.05040468379507358 0.8214919429372485 0.04991047725253816 0.8171263401750698 0.049974322509028224 0.8120409598845174 0.04861032127787308 0.8085554143760219 0.04781193089210776 0.8031886118899157 0.04558417149184403 0.8010370419831356 0.04682975291700715 0.799423597408295 0.049162396449748125 0.8020922314864055 0.052224194799302716 0.8042126628099173 0.06467079520041592 0.7975428831672803 0.07640311284842392 0.7863136563258655 0.07807435558543341 0.7856187786176041 0.08034504519939015 0.788657455454905 0.0813356932151834 0.792561083454175 0.08129832038211604 0.7971371396566201 0.0844348801589529 0.7976610401064508 0.08587807800431049 0.7944312386971074 0.08554026617667079 0.7899764530039091 0.08317570316791431 0.7863249513743314 0.08165167900569772 0.7815326699342373 0.08022110899175611 0.7806776229656883 0.0818680921704587 0.7796819640668252 0.08938662923336103 0.7739999044511409 0.09673514212763992 0.7660796823243082 0.09943169164390214 0.7662175276079434 0.10611922535453147 0.7611001953098723 0.10862629748503355 0.7597519237267429 0.1180592118992603 0.7514978116098513 0.12558079369455213 0.7432582370319929 0.12934910124412244 0.7437139077569601 0.13252466355668316 0.7415825052483411 0.13790415441441406 0.7411253809041116 0.13814194599971005 0.7374609372930175 0.13616723182333987 0.7345805367472239 0.1331473329084286 0.7341940196363922 0.13063721885428986 0.7374947898010228 0.12958689913387741 0.736980196029268 0.12959790356709588 0.7352965459120174 0.13506902027998613 0.7288469276249486 0.1393620415994275 0.7224310781565433 0.14784008491086506 0.7099463196255587 0.1493812382882375 0.7070559295270096 0.15587884178342676 0.7054319056984467 0.1602622375727716 0.705203920957127 0.16192894740374608 0.7028503983956117 0.1606654959894923 0.7026022688512489 0.15890322001647134 0.7033104299783662 0.15853491352055454 0.7011410450762728 0.1555138262151181 0.7008534418606428 0.15236560318909523 0.7038558510228736 0.15132680171531135 0.7048104194442434 0.15010167510743688 0.7048379905094253 0.15067281496338675 0.7035146697611637 0.15541771788959594 0.696641684236261 0.16009134575436063 0.6938882280849183 0.16451392690874092 0.6889324333070622 0.1659242722181481 0.6892908571544276 0.16539842359579401 0.6821153405725571 0.16464410768303375 0.681247989306935 0.16193024612230408 0.6869121912476386 0.1528472197269688 0.6951025725787312 0.14050519465617975 0.7030448118126177 0.13271425251696406 0.701358448748822 0.11506201156026467 0.6947038048709606 0.10470343660457652 0.6918764816113593 0.09680630732086715 0.6917071789022343
2 0.8515625 0.6949912623355263 0.8564453125 0.6934364720394737 0.865234375 0.6763337787828947 0.865234375 0.6514571340460527 0.8671875 0.6483475534539473 0.8671875 0.6390188116776315 0.8677939712205204 0.6275582657015158 0.8640284151444859 0.6181261456841308 0.8564146512779502 0.6144895716268249 0.8463192346626439 0.6138661907933279 0.8351969755608297 0.6182019773418729 0.8329513705050695 0.6218608548279264 0.8225078360754424 0.6252699339120062 0.8099300662731074 0.6284024504796148 0.8077257870745804 0.6306818608976257 0.8034517128230992 0.6295432708600577 0.7970462049519429 0.6328553300290851 0.7912703910749003 0.6393144029944073 0.7893834104073338 0.6449973166393108 0.7905853624583895 0.6547963280595951 0.7938536073711085 0.6585288068605158 0.7913838620727272 0.6627040087220777 0.7905622479958692 0.6687147827695719 0.7960333712305987 0.6734464551783879 0.798547244139246 0.681082034010149 0.8021888226435808 0.6823366018772048 0.8115234375 0.6903268914473685 0.8310546875 0.6934364720394737 0.8330078125 0.696546052631579
2 0.2109375 0.443115234375 0.2197265625 0.4384508634868421 0.2294921875 0.44156044407894735 0.2353515625 0.4384508634868421 0.236328125 0.4306769120065789 0.2294921875 0.4197933799342105 0.2119140625 0.4011358963815789 0.2041015625 0.4011358963815789 0.1943359375 0.41046463815789475 0.1806640625 0.41668379934210525 0.173828125 0.4244577508223684 0.173828125 0.4306769120065789 0.1806640625 0.4384508634868421 0.1982421875 0.4384508634868421 0.2021484375 0.44467002467105265 0.2041015625 0.44156044407894735 0.2080078125 0.44467002467105265
3 0.158203125 0.48043020148026316 0.1845703125 0.4602179276315789 0.1884765625 0.4539987664473684 0.2001953125 0.4477796052631579 0.201171875 0.443115234375 0.1923828125 0.4384508634868421 0.1845703125 0.44156044407894735 0.1748046875 0.4322317023026316 0.1708984375 0.4322317023026316 0.15625 0.4555535567434211 0.15234375 0.4679918791118421 0.146484375 0.4773206208881579 0.1474609375 0.48198499177631576
2 0.7890625 0.9251002261513158 0.7939453125 0.9235454358552632 0.798828125 0.915771484375 0.80859375 0.8660181949013158 0.80859375 0.8473607113486842 0.80078125 0.8193744860197368 0.7822265625 0.7960526315789473 0.7724609375 0.7960526315789473 0.7607421875 0.8084909539473685 0.7529296875 0.8022717927631579 0.7431640625 0.8053813733552632 0.728515625 0.8255936472039473 0.724609375 0.8380319695723685 0.72265625 0.8597990337171053 0.7265625 0.8784565172697368 0.7333984375 0.8893400493421053 0.7373046875 0.8893400493421053 0.7509765625 0.9017783717105263 0.7548828125 0.9017783717105263 0.7685546875 0.9204358552631579 0.7763671875 0.9266550164473685
3 0.779296875 0.987291837993421 0.8251953125 0.9857370476973685 0.8271484375 0.9826274671052632 0.849609375 0.9810726768092105 0.849609375 0.9499768708881579 0.84765625 0.9468672902960527 0.84765625 0.9344289679276315 0.8369140625 0.9173262746710527 0.828125 0.9095523231907895 0.826171875 0.9002235814144737 0.8095703125 0.8706825657894737 0.806640625 0.8722373560855263 0.8046875 0.8908948396381579 0.798828125 0.915771484375 0.7900390625 0.9266550164473685 0.7763671875 0.9266550164473685 0.7626953125 0.9142166940789473 0.7568359375 0.9048879523026315 0.7412109375 0.8924496299342105 0.7314453125 0.8893400493421053 0.728515625 0.8940044202302632 0.728515625 0.9188810649671053 0.734375 0.9375385485197368 0.734375 0.9499768708881579 0.740234375 0.974853515625 0.740234375 0.9841822574013158 0.7431640625 0.9888466282894737
2 0.6980728824546325 0.5407135018530389 0.706035628202986 0.5408541375302189 0.7071280991735537 0.5435855263157895 0.7100308891507315 0.5505030198690931 0.7108096222128251 0.5616224015974047 0.7035123966942148 0.5699013157894737 0.6962809917355371 0.569078947368421 0.6900826446280992 0.5616776315789473 0.6890495867768595 0.5526315789473685 0.6903959057155692 0.5456990963692729 0.6924100517363886 0.5431835902341042 0.6935223487996937 0.5420704568572177 0.6953305509547989 0.5416481514243259
3 0.7303719008264463 0.5608552631578947 0.734504132231405 0.5608552631578947 0.7350206611570248 0.5649671052631579 0.7305487036408636 0.5773724022375101 0.7282507904952323 0.5895555155750869 0.7208886100903957 0.6012015838904579 0.7204304287804043 0.6091883357896862 0.7231404958677686 0.6233552631578947 0.7169421487603306 0.6233552631578947 0.699896694214876 0.5962171052631579 0.6957644628099173 0.59375 0.6952479338842975 0.584703947368421 0.6938261347692893 0.5813480493269698 0.6898709115111116 0.5805819235274878 0.689654207516326 0.576519424943339 0.6841162443424216 0.565870953612837 0.6909236525111846 0.5633000696897701 0.6962261440233184 0.569068921263613 0.702995867768595 0.5723684210526315 0.7112603305785123 0.5649671052631579 0.7184202865285416 0.5661283208860899
3 0.7680785123966942 0.4621710526315789 0.78099173553719 0.4753289473684211 0.7931245508629574 0.5106687185175258 0.7922121007228119 0.5168533611067667 0.7851239669421488 0.515625 0.768595041322314 0.5049342105263158 0.7608471074380165 0.4909539473684211 0.7507836142536125 0.48222266548690523 0.7465083410505442 0.4819672427756095 0.7409378657917788 0.4727169771708383 0.7375321689822176 0.47183896160075917 0.7373447692186864 0.468060467009522 0.7409558451048851 0.4665686662603593 0.762359871601929 0.4664046232259495
3 0.8650565470580108 0.6772316003806347 0.8751009711494111 0.692340678416852 0.880066281716469 0.6938431308604018 0.887396694214876 0.7269736842105263 0.9054752066115702 0.7491776315789473 0.9230371900826446 0.7820723684210527 0.940599173553719 0.8075657894736842 0.9518502691469688 0.84571626431934 0.9511692022179894 0.8550849891111226 0.9498368322103974 0.8634753079517253 0.9282024793388429 0.8675986842105263 0.9132231404958677 0.8626644736842105 0.9039256198347108 0.8544407894736842 0.8729338842975206 0.8018092105263158 0.8584710743801653 0.78125 0.8295454545454546 0.7541118421052632 0.815599173553719 0.7245065789473685 0.8049499102547162 0.7137615433726945 0.7987759539208062 0.7062353437482334 0.7974651772948528 0.6955184071471799 0.8020324693138695 0.682901337431062 0.8123167550229311 0.6908577383426989 0.8310393841134088 0.6944182811773821 0.8337747403226002 0.6969205102624036 0.8563164799385633 0.6936229198343528
2 0.07799586776859505 0.3182565789473684 0.08471074380165289 0.3190789473684211 0.09297520661157024 0.32730263157894735 0.1012396694214876 0.3412828947368421 0.10321440337187508 0.3613664478275227 0.09471172913074222 0.36423902087279064 0.09348411927382774 0.3751855904830939 0.09194214876033058 0.3774671052631579 0.08212809917355372 0.37911184210526316 0.070372785943551 0.38222400218159813 0.06454062120458644 0.37846089097645724 0.056081208504845645 0.3608340696919116 0.054010253070440675 0.35323167750271445 0.06353305785123967 0.32976973684210525
3 0.0013892887457843442 0.41408974640382507 0.007385564967371251 0.42411860604928614 0.014517972755248422 0.4219828024814614 0.019193099733569023 0.4219029452757509 0.03307936251755651 0.4155045750106592 0.05065982735819874 0.40447825366368134 0.0686831989652082 0.39167548617457626 0.07718123594938428 0.39056275888368486 0.08303744763801746 0.38724039777817987 0.08332514775976026 0.37980463720871604 0.06944361688566986 0.3818417493242003 0.06392857590061655 0.37875669972623127 0.056474871430727276 0.36214489419870594 0.05404030378867672 0.3543957317653215 0.0634118513398548 0.3299164847355762 0.04577460358044755 0.3549102833832489 0.0456728675176602 0.3507177800834449 0.04393389063048123 0.34771183432132124 0.03836916459150853 0.34943554457288495 0.03484152576323119 0.3519427594842502 0.030320185856565877 0.3573489416368816 0.027090657351804937 0.359934507014227 0.024805144871512575 0.3667509975545014 0.02284566098312942 0.37275836885955754 0.017976525699028304 0.3821604247771774 0.01439920181683157 0.38936866764735256 0.012809280091410798 0.39508825166390465 0.00937533307909576 0.4031575962899964
2 0.26164389335762295 0.28860823941547775 0.26722157325478163 0.2995067323724258 0.27060413108303893 0.30518933778574187 0.2753345621961032 0.3051578027945471 0.28446167475509004 0.297488492935954 0.2885181692257509 0.297488492935954 0.2913070091743302 0.30071767603430893 0.29663115816707253 0.30071767603430893 0.2996735290200681 0.2962775492740708 0.2996735290200681 0.2918374225138327 0.29815234359357035 0.28336081688065085 0.2935887873140769 0.27084773237452525 0.2910534782699139 0.2656003098396984 0.28446167475509004 0.25391974910111736 0.2816728348065108 0.2538945211081615 0.27710927852701733 0.2506653380098065 0.27584162400493584 0.25026169012251215 0.2748275003872706 0.25026169012251215 0.27102453682102606 0.25510546477004464 0.26696804235036525 0.2615638309667546 0.26240448607087186 0.2720586760364084 0.26189742426203927 0.2797279858950015 0.26189742426203927 0.2829571689933565
3 0.26164389335762295 0.27004043659993654 0.1975005745402987 0.34027516898915766 0.20586709438603668 0.3422934084256295 0.2132194906141094 0.3426970563129239 0.2134730215185257 0.3414861126510408 0.22082541774659845 0.34108246476374643 0.2276707521658386 0.34027516898915766 0.24262907552640037 0.33744963377809706 0.2613903624532066 0.3241292534973827 0.2695033513945283 0.3188818309625558 0.273874283607971 0.3047541549072527 0.2679821659680305 0.30112132392160335 0.2639256714973697 0.29183742251383277 0.2626580169752882 0.27972798589500153 0.26316507878412077 0.27286597181099714