0 0.0654269972451791 0.28508771929824567 0.0011478420569329987 0.28508771929824567 0 0.0009137426900585055 1 0 0.9980486685032139 0.29788011695906436 0.8815426997245179 0.2805190058479533 0.7392102846648301 0.07492690058479537 0.6382001836547292 0.08406432748538015 0.46430211202938476 0.07584064327485383 0.203168044077135 0.08680555555555557
1 0.06657483930211204 0.2841739766081871 0.12741046831955927 0.19736842105263164 0.20431588613406795 0.08771929824561403 0.2714646464646465 0.08223684210526314 0.3621441689623509 0.08315058479532161 0.4700413223140496 0.0749269005847954 0.6468089990817264 0.08589181286549716 0.7369146005509641 0.0749269005847954 0.7747933884297521 0.12792397660818722 0.8115243342516071 0.182748538011696 0.882690541781451 0.2841739766081872 0.8316115702479339 0.2878289473684211 0.6887052341597797 0.2850877192982456 0.4470844811753904 0.28326023391812866
2 0.6268782870022539 0.14372873990729662 0.6298079745022539 0.13906436901913874 0.6464095370022539 0.13439999813098083 0.6464095370022539 0.11885209517045452 0.6337142245022539 0.10174940191387556 0.6161360995022539 0.11107814369019135 0.6083235995022539 0.11107814369019135 0.5975814120022539 0.12507125635466504 0.5975814120022539 0.13129041753887558 0.6044173495022539 0.142173949611244
2 0.6105178353245488 0.16998691967444648 0.6124709603245488 0.16687733908234123 0.6124709603245488 0.15132943612181493 0.6095412728245488 0.14666506523365702 0.6036818978245488 0.14666506523365702 0.6017287728245488 0.14355548464155177 0.5880568978245488 0.14355548464155177 0.5812209603245488 0.15132943612181493 0.5792678353245488 0.16065817789813072 0.5821975228245488 0.17154170997049914
2 0.649652516904583 0.17905203349282295 0.6500810011269723 0.16972679612739236 0.6451981886269723 0.1619528446471292 0.6354325636269723 0.1619528446471292 0.6246903761269723 0.17594595731160287 0.6315263136269723 0.18371990879186603
2 0.6818754108752818 0.26289506392045453 0.6857816608752818 0.2597854833283493 0.6916410358752818 0.24112799977571767 0.6867582233752818 0.23024446770334925 0.6750394733752818 0.23024446770334925 0.6652738483752818 0.23957320947966504 0.6496488483752818 0.2426827900717703 0.6389066608752818 0.25667590273624397 0.6457425983752818 0.2582306930322966 0.6496488483752818 0.26444985421650713 0.6535550983752818 0.2582306930322966 0.6555082233752818 0.2582306930322966 0.6574613483752818 0.26444985421650713
2 0.3945151084710744 0.2295564350328947 0.4072104209710744 0.2248920641447368 0.4159994834710744 0.20778937088815785 0.4140463584710744 0.1953510485197368 0.4091635459710744 0.18757709703947364 0.3993979209710744 0.1813579358552631 0.3935385459710744 0.1813579358552631 0.3857260459710744 0.1906866776315789 0.3710776084710744 0.21711811266447364 0.3710776084710744 0.22333727384868415 0.3740072959710744 0.22800164473684206 0.3818197959710744 0.22800164473684206 0.3837729209710744 0.23111122532894732
2 0.28773889462809915 0.17934627421418126 0.29262170712809915 0.17779148391812863 0.29555139462809915 0.17312711302997072 0.29555139462809915 0.16068879066154967 0.29262170712809915 0.15602441977339176 0.28480920712809915 0.15602441977339176 0.26625451962809915 0.17312711302997072 0.26723108212809915 0.17779148391812863 0.27894983212809915 0.17779148391812863 0.28090295712809915 0.18090106451023388
2 0.1978951446280992 0.14998943485014618 0.2047310821280992 0.1453250639619883 0.2105904571280992 0.1453250639619883 0.2135201446280992 0.14066069307383042 0.2135201446280992 0.1251127901133041 0.2096138946280992 0.1157840483369883 0.2027779571280992 0.10801009685672514 0.1949654571280992 0.10801009685672514 0.1783638946280992 0.13133195129751463 0.1783638946280992 0.13444153188961988 0.1910592071280992 0.15154422514619884
2 0.25172176308539945 0.2695241113852339 0.28495179063360887 0.26818347953216376 0.2839483255853994 0.26175015990497075 0.2849248880853994 0.2570857890168129 0.2819952005853994 0.24931183753654973 0.2741827005853994 0.2430926763523392 0.25269832558539945 0.23998309576023394 0.24195613808539945 0.24775704724049707 0.24195613808539945 0.2633049502010234 0.24683895058539945 0.27107890168128657
3 0.36228047520661155 0.28036338404605254 0.37497578770661155 0.2725894325657894 0.38669453770661155 0.25704152960526305 0.39841328770661155 0.25082236842105254 0.40524922520661155 0.23993883634868413 0.40524922520661155 0.23061009457236833 0.37106953770661155 0.22594572368421043 0.35642110020661155 0.24926757812499992 0.35056172520661155 0.27414422286184204 0.35349141270661155 0.28191817434210514
3 0.266772842056933 0.19132772523757313 0.275561904556933 0.18666335434941522 0.278491592056933 0.18199898346125734 0.275561904556933 0.17733461257309943 0.271655654556933 0.18044419316520469 0.265796279556933 0.17111545138888892 0.258960342056933 0.17888940286915206 0.257007217056933 0.19132772523757313
3 0.16750602617079888 0.16645108050073099 0.17629508867079888 0.16489629020467836 0.18801383867079888 0.15867712902046782 0.19094352617079888 0.15401275813230994 0.18020133867079888 0.13069090369152048 0.17043571367079888 0.13069090369152048 0.15969352617079888 0.15401275813230994 0.15774040117079888 0.16334149990862573 0.16262321367079888 0.1680058707967836
3 0.42121319731404966 0.18913188733552633 0.42804913481404966 0.18446751644736842 0.43293194731404966 0.173583984375 0.42414288481404966 0.17513877467105263 0.42218975981404966 0.16891961348684212 0.41340069731404966 0.18602230674342105 0.41437725981404966 0.19068667763157895
2 0.431301652892562 0.1722404970760234 0.43388429752066116 0.1722404970760234 0.43502855257116624 0.16736482319078946 0.43014574007116624 0.15648129111842105 0.42623949007116624 0.15648129111842105 0.42135667757116624 0.16114566200657895 0.42135667757116624 0.173583984375 0.4284320477502296 0.1768092105263158
3 0.6118964860507452 0.20556835668529352 0.6226386735507452 0.20090398579713564 0.6255683610507452 0.19623961490897773 0.6216621110507452 0.1838012925405567 0.6128730485507452 0.16980817987608302 0.6070136735507452 0.17291776046818827 0.5806464860507452 0.1744725507642409 0.5933417985507452 0.20090398579713564 0.6050605485507452 0.20712314698134615
3 0.6592787377911344 0.20484449760765547 0.6566960931630352 0.1895185406698564 0.65599173553719 0.18652811004784686 0.6473009896224644 0.17724609375000003 0.6306994271224644 0.1819104646381579 0.6316759896224644 0.18657483552631582 0.6414416146224644 0.1959035773026316 0.6473009896224644 0.19901315789473686 0.6590439519158526 0.2033492822966507
0 0 0.2841739766081872 0.8798209366391185 0.28691520467836257 0.9997704315886136 0.29605263157894746 0.9980486685032139 0.9996345029239767 0 1
3 0.6984879789631855 0.28259569377990423 0.6972656250000002 0.2688595712470096 0.6904296875000002 0.26108561976674644 0.6572265625000002 0.2641952003588517 0.6552734375000002 0.267304780950957 0.6503906250000002 0.26574999065490434 0.6503906250000002 0.2688595712470096 0.6611328125000002 0.28285268391148327
2 0.3281805985996328 0.11761153371710527 0.3330634110996328 0.11605674342105263 0.3379462235996328 0.10828279194078948 0.3379462235996328 0.10206363075657894 0.3252509110996328 0.08185135690789473 0.3213446610996328 0.08185135690789473 0.3125555985996328 0.09895405016447367 0.3125555985996328 0.114501953125 0.3154852860996328 0.1191663240131579
2 0.5953897312463252 0.22033649156872512 0.5979276791365992 0.22161249584042797 0.6008663556411269 0.22246316535489652 0.6057961524477281 0.22246316535489652 0.608677481843844 0.22246316535489652 0.6101198994034754 0.22139982846181083 0.6098159613594614 0.21757181564670236 0.6088809279262025 0.21693381351085092 0.6082130469024464 0.21650847875361665 0.6063429800359287 0.2141691375888281 0.6055415228074211 0.21097912690957102 0.6047400655789135 0.20863978574478248 0.6047400655789135 0.20715111409446255 0.604472913169411 0.206300444579994 0.6035378797361521 0.20502444030829117 0.6007327794363757 0.20523710768690828 0.598328407750853 0.20778911623031393 0.5955233074510765 0.2080017836089311 0.593985093968238 0.20927778788063392 0.5932525119703052 0.21161712904542246 0.5931189357655539 0.21374380283159383 0.5931189357655539 0.21799715040393658 0.5936532405845589 0.22054915894734228
3 0.5924145781397088 0.2191120182265054 0.5908116636826937 0.2191120182265054 0.5908116636826937 0.22230202890576245 0.5924145781397088 0.22442870269193388 0.5936167639824701 0.22613004172087098 0.5940174925967241 0.2265553764781052 0.5953532546442366 0.22868205026427663 0.6010970314485408 0.23548740638002502 0.6029670983150583 0.2388900844378993 0.6070369983035733 0.239953421330985 0.6098462728597484 0.239953421330985 0.6097794847573726 0.2367634106517279 0.6097794847573726 0.23655074327311074 0.6137867708999105 0.23038338929321373 0.6169925998139407 0.22527937220640243 0.6183283618614533 0.22379070055608244 0.6204655811374736 0.2191120182265054 0.6193969714994634 0.2174106791975683 0.6136531946951592 0.2174106791975683 0.6096459085526215 0.2174106791975683 0.6096459085526215 0.22060068987682535 0.6096459085526215 0.2212386920126768 0.6045700127720736 0.22230202890576245 0.597624050125008 0.2214513593912939 0.5941510688014753 0.2212386920126768
2 0.452995867768595 0.17763157894736842 0.4522210743801653 0.17845394736842105 0.4555785123966942 0.18421052631578946 0.4628099173553719 0.18996710526315788 0.46875 0.19202302631578946 0.474948347107438 0.19325657894736842 0.4764979338842975 0.19325657894736842 0.4775309917355372 0.18297697368421054 0.4777892561983471 0.17804276315789475 0.4762396694214876 0.171875 0.4731404958677686 0.15953947368421054 0.47081611570247933 0.15666118421052633 0.4674586776859504 0.1533717105263158 0.46487603305785125 0.15296052631578946 0.4617768595041322 0.1533717105263158 0.4555785123966942 0.16200657894736842 0.4535123966942149 0.16735197368421054 0.45170454545454547 0.17146381578947367 0.4511880165289256 0.17598684210526316
3 0.4506714876033058 0.17516447368421054 0.4444731404958678 0.18421052631578946 0.44292355371900827 0.18791118421052633 0.44266528925619836 0.18914473684210525 0.443698347107438 0.19202302631578946 0.44421487603305787 0.1924342105263158 0.4455061983471074 0.19490131578947367 0.4449896694214876 0.20148026315789475 0.44395661157024796 0.2060032894736842 0.443698347107438 0.2109375 0.4455061983471074 0.21628289473684212 0.44886363636363635 0.21957236842105263 0.4522210743801653 0.21957236842105263 0.45712809917355374 0.21875 0.4677169421487603 0.21299342105263158 0.47236570247933884 0.20230263157894737 0.4746900826446281 0.19407894736842105 0.46797520661157027 0.19078947368421054 0.46539256198347106 0.1903782894736842 0.45919421487603307 0.18708881578947367 0.45609504132231404 0.18379934210526316 0.4537706611570248 0.18009868421052633
3 0.6050432006010518 0.1379336124401914 0.6174868519909843 0.139055023923445 0.6287565740045078 0.13830741626794257 0.6386175807663409 0.1341955741626794 0.646835086401202 0.1356907894736842 0.6505916604057099 0.1375598086124402 0.6538786626596543 0.14167165071770332 0.6559917355371899 0.14802631578947367 0.6562265214124717 0.15363337320574164 0.6524699474079638 0.15737141148325356 0.6451915852742298 0.1555023923444976 0.6379132231404957 0.15176435406698563 0.6343914350112696 0.15363337320574164 0.6292261457550713 0.15288576555023922 0.6231217129977459 0.14914772727272727 0.6184259954921111 0.14877392344497609 0.6116172051089406 0.14802631578947367 0.6071562734785875 0.1457834928229665 0.6036344853493614 0.14354066985645933
3 0.3134684917355372 0.10793585526315794 0.2776342975206612 0.1274671052631579 0.27279183884297525 0.13363486842105263 0.2727918388429752 0.13620476973684212 0.279894111570248 0.13980263157894743 0.29668130165289264 0.13466282894736847 0.3008780991735538 0.13209292763157898 0.3092716942148761 0.12900904605263164 0.31282283057851246 0.12900904605263164 0.3309013429752067 0.13312088815789477 0.3302556818181818 0.122327302631579 0.32670454545454547 0.11770148026315794 0.31766528925619836 0.11872944078947373 0.3125 0.11718750000000004