0 0.14010847107438015 0.26726973684210525 0 0.26829769736842113 0 0 1 0 1 0.27652138157894735 0.9536415289256198 0.27446546052631576 0.7818956611570248 0.06990131578947369 0.27634297520661155 0.06990131578947369 0.24857954545454544 0.08326480263157894
1 0.14075413223140495 0.26829769736842113 0.15947830578512398 0.2292351973684211 0.20467458677685957 0.1449424342105263 0.24664256198347112 0.08634868421052629 0.28473657024793386 0.07092927631578952 0.30733471074380164 0.0678453947368421 0.32605888429752067 0.06681743421052637 0.40353822314049587 0.06887335526315792 0.47133264462809915 0.07195723684210528 0.5597882231404959 0.07092927631578949 0.7173295454545455 0.07195723684210528 0.7806043388429752 0.06990131578947371 0.8464617768595041 0.14597039473684212 0.8948863636363636 0.21073190789473684 0.9465392561983471 0.2734375 0.8006198347107438 0.27240953947368424 0.43194731404958675 0.27754934210526316
2 0.4532987588113759 0.2163924934694272 0.4601346963113759 0.20861854198916405 0.4699003213113759 0.20861854198916405 0.4728300088113759 0.20395417110100614 0.4767362588113759 0.18529668754837458 0.4718534463113759 0.17441315547600614 0.4640409463113759 0.16819399429179563 0.4542753213113759 0.16819399429179563 0.4337675088113759 0.20084459050890088 0.4337675088113759 0.20706375169311142 0.4366971963113759 0.2117281225812693 0.4464628213113759 0.21794728376547984
3 0.43407134935585806 0.21114082454527866 0.43407134935585806 0.20181208276896287 0.44188384935585806 0.18626417980843654 0.43895416185585806 0.18159980892027866 0.40184478685585806 0.16294232536764708 0.39110259935585806 0.1644971156636997 0.39110259935585806 0.17071627684791024 0.39500884935585806 0.18004501862422603 0.40868072435585806 0.1987025021768576 0.40965728685585806 0.20647645365712075 0.41161041185585806 0.2033668730650155 0.41746978685585806 0.2033668730650155 0.42528228685585806 0.2126956148413313
2 0.5327692027224114 0.17285836517995362 0.5347223277224114 0.16974878458784834 0.5347223277224114 0.16042004281153255 0.5308160777224114 0.1479817204431115 0.5239801402224114 0.14020776896284834 0.5181207652224114 0.14020776896284834 0.5132379527224114 0.1479817204431115 0.5093317027224114 0.16663920399574308 0.5239801402224114 0.171303574883901 0.5259332652224114 0.17441315547600625
3 0.5040800088113758 0.16663920399574303 0.5099393838113758 0.16042004281153252 0.5099393838113758 0.15420088162732198 0.49919719631137577 0.14331734955495357 0.48747844631137577 0.1402077689628483 0.48552532131137577 0.13709818837074303 0.4763988351295279 0.13744420937573762 0.4771119456850217 0.1419777451056309 0.47966594631137577 0.14331734955495357 0.48357219631137577 0.14331734955495357 0.49724407131137577 0.16819399429179568
2 0.49010429326689353 0.1587617006095201 0.49010429326689353 0.15565212001741485 0.48815116826689353 0.1525425394253096 0.48815116826689353 0.14943295883320432 0.48522148076689353 0.14476858794504643 0.47936210576689353 0.14476858794504643 0.47643241826689353 0.14943295883320432 0.47643241826689353 0.1587617006095201 0.47740898076689353 0.16031649090557276 0.48912773076689353 0.16031649090557276
3 0.47447929326689353 0.15827795447948917 0.47643241826689353 0.15516837388738391 0.47643241826689353 0.15205879329527866 0.47545585576689353 0.15050400299922603 0.47350273076689353 0.15050400299922603 0.47154960576689353 0.14739442240712075 0.46959648076689353 0.14739442240712075 0.46764335576689353 0.1442848418150155 0.46569023076689353 0.1442848418150155 0.46373710576689353 0.14117526122291024 0.45983085576689353 0.14117526122291024 0.45885429326689353 0.14273005151896287 0.45885429326689353 0.14894921270317338 0.45983085576689353 0.15050400299922603 0.46178398076689353 0.15050400299922603 0.46373710576689353 0.1536135835913313 0.46569023076689353 0.1536135835913313 0.46959648076689353 0.1598327447755418 0.47350273076689353 0.1598327447755418
2 0.34526920272241124 0.1577942083494582 0.34917545272241124 0.15468462775735292 0.34917545272241124 0.1484654665731424 0.34429264022241124 0.14069151509287925 0.33452701522241124 0.1438010956849845 0.32769107772241124 0.15468462775735292 0.32866764022241124 0.15934899864551083
3 0.3282987588113757 0.15731046221942724 0.3341581338113757 0.1448721398510062 0.3312284463113757 0.1402077689628483 0.3136503213113757 0.13709818837074303 0.3107206338113757 0.14176255925890094 0.3107206338113757 0.14798172044311145 0.3156034463113757 0.1557556719233746 0.3214628213113757 0.1588652525154799
3 0.36119804326689353 0.0987121770994582 0.36315116826689353 0.09560259650735294 0.36315116826689353 0.08316427413893189 0.35436210576689353 0.0691711614744582 0.34459648076689353 0.06295200029024768 0.33873710576689353 0.06295200029024768 0.33580741826689353 0.06761637117840558 0.33385429326689353 0.07694511295472135 0.34069023076689353 0.08782864502708979 0.35045585576689353 0.09404780621130031 0.35436210576689353 0.10026696739551083
2 0.38567714663344677 0.09726093870936532 0.38763027163344677 0.0910417775251548 0.37884120913344677 0.07393908426857584 0.36712245913344677 0.06771992308436532 0.36223964663344677 0.07549387456462849 0.36223964663344677 0.09415135811726005 0.36516933413344677 0.09881572900541795
2 0.6561199182668935 0.15993629668150156 0.6649089807668935 0.15838150638544893 0.6678386682668935 0.15371713549729102 0.6678386682668935 0.13816923253676472 0.6629558557668935 0.13039528105650156 0.6453777307668935 0.13039528105650156 0.6385417932668935 0.13505965194465944 0.6365886682668935 0.15060755490518576 0.6395183557668935 0.15527192579334365 0.6473308557668935 0.16149108697755418
3 0.6346355432668935 0.15371713549729107 0.6385417932668935 0.13816923253676475 0.6375652307668935 0.13039528105650158 0.6258464807668935 0.12417611987229107 0.6072917932668935 0.1257309101683437 0.6072917932668935 0.1350596519446595 0.6141277307668935 0.14283360342492266 0.6277996057668935 0.1552719257933437
2 0.6948785777224112 0.12358882183630032 0.6968317027224112 0.12047924124419505 0.6968317027224112 0.11115049946787926 0.6929254527224112 0.10182175769156347 0.6860895152224112 0.09404780621130032 0.6763238902224112 0.09404780621130032 0.6743707652224112 0.09715738680340558 0.6606988902224112 0.10026696739551084 0.6480035777224112 0.11426008005998453 0.6480035777224112 0.12047924124419505 0.6548395152224112 0.12514361213235295 0.6646051402224112 0.12514361213235295 0.6763238902224112 0.11892445094814243 0.6821832652224112 0.11892445094814243 0.6880426402224112 0.12514361213235295
3 0.6466581338113758 0.11785340678212075 0.6534940713113758 0.10696987470975233 0.6613065713113758 0.10075071352554181 0.6671659463113758 0.10075071352554181 0.6700956338113758 0.09608634263738391 0.6574003213113758 0.0852028105650155 0.6398221963113758 0.09453155234133129 0.6349393838113758 0.10230550382159444 0.6349393838113758 0.10852466500580497 0.6398221963113758 0.11940819707817339
2 0.6636285777224114 0.21017333228521676 0.6675348277224114 0.20395417110100622 0.6646051402224114 0.1930706390286378 0.6587457652224114 0.1930706390286378 0.6538629527224114 0.19773500991679568 0.6519098277224114 0.20395417110100622 0.6548395152224114 0.2086185419891641 0.6587457652224114 0.21172812258126936
3 0.6532552716334469 0.2054054094910991 0.6552083966334469 0.20229582889899383 0.6542318341334469 0.19763145801083593 0.6444662091334469 0.19141229682662542 0.6415365216334469 0.19296708712267804 0.6483724591334469 0.20696019978715172
2 0.7046442027224114 0.16974878458784834 0.7065973277224114 0.16042004281153255 0.6997613902224114 0.1495365107391641 0.6919488902224114 0.1495365107391641 0.6831598277224114 0.15731046221942727 0.6831598277224114 0.1635296234036378 0.6880426402224114 0.16819399429179568 0.6939020152224114 0.17130357488390097
3 0.6837675088113757 0.16187128120162536 0.6857206338113757 0.15254253942530957 0.6808378213113757 0.14787816853715166 0.6730253213113757 0.14787816853715166 0.6700956338113757 0.15254253942530957 0.6700956338113757 0.15565212001741482 0.6769315713113757 0.163426071497678
2 0.7366319655444822 0.25612619122484526 0.7503038405444822 0.25301661063274 0.7542100905444822 0.23435912708010842 0.7542100905444822 0.22192080471168735 0.7512804030444822 0.21725643382352947 0.7415147780444822 0.21725643382352947 0.7337022780444822 0.22347559500773997 0.7219835280444822 0.22347559500773997 0.7092882155444822 0.23435912708010842 0.7092882155444822 0.24057828826431893 0.7200304030444822 0.2545714009287926 0.7258897780444822 0.2545714009287926 0.7278429030444822 0.25768098152089786
3 0.7133682243558582 0.24223663046633134 0.7133682243558582 0.2360174692821208 0.7182510368558582 0.22824351780185764 0.7280166618558582 0.2251339372097524 0.7289932243558582 0.22046956632159448 0.7182510368558582 0.21269561484133134 0.7104385368558582 0.2158051954334366 0.7016494743558582 0.22979830809791027 0.7065322868558582 0.2406818401702787
2 0.5210504527224112 0.09726093870936535 0.5230035777224112 0.08793219693304956 0.5161676402224112 0.07704866486068114 0.5083551402224112 0.0801582454527864 0.5015192027224112 0.09104177752515481 0.5024957652224112 0.09570614841331271 0.5122613902224112 0.09570614841331271 0.5142145152224112 0.09881572900541798
3 0.498524474355858 0.09608634263738391 0.501454161855858 0.09453155234133129 0.506336974355858 0.08364802026896286 0.493641661855858 0.07276448819659444 0.490711974355858 0.0805384396768576 0.494618224355858 0.08986718145317339 0.494618224355858 0.09608634263738391
2 0.24505214663344677 0.1340921596845975 0.25970058413344677 0.12942778879643962 0.26263027163344677 0.12476341790828173 0.26263027163344677 0.10921551494775542 0.25872402163344677 0.09988677317143962 0.25188808413344677 0.09211282169117646 0.24212245913344677 0.09211282169117646 0.23528652163344677 0.10299635376354488 0.23333339663344677 0.11232509553986067 0.23333339663344677 0.12476341790828173 0.23821620913344677 0.13253736938854488 0.24212245913344677 0.13564694998065016
3 0.23229179326689353 0.1304988329624613 0.23485256373505145 0.12920519325379914 0.23399901983543064 0.1253977358703673 0.23405719321519328 0.11302842303992007 0.2365121767071305 0.1021601628896459 0.23646537053950537 0.0986949668088209 0.23214750157608868 0.09214462841087427 0.2298289246298018 0.09007668881425292 0.22964103129976385 0.10933540761614684 0.22838554326689353 0.12427967177825076 0.23033866826689353 0.1304988329624613
0 0.0012913223140495868 0.26932565789473684 0.9969008264462811 0.2765213815789474 1 0.99609375 0 1
2 0.7079427716334468 0.27119034805534054 0.7011068341334468 0.2603068159829721 0.6952474591334468 0.2603068159829721 0.6932943341334468 0.26341639657507737 0.6893880841334468 0.26341639657507737 0.6874349591334468 0.2603068159829721 0.6854818341334468 0.26341639657507737 0.6815755841334468 0.26341639657507737 0.6796224591334468 0.2665259771671826 0.6776693341334468 0.2665259771671826 0.6747396466334468 0.27119034805534054 0.6757162091334468 0.2727451383513932 0.7069662091334468 0.2727451383513932
3 0.6535591121779291 0.272848690257353 0.6545356746779291 0.2712938999613003 0.6701606746779291 0.2712938999613003 0.6711372371779291 0.2697391096652477 0.6701606746779291 0.26818431936919507 0.6662544246779291 0.26818431936919507 0.6643012996779291 0.2650747387770898 0.6603950496779291 0.2650747387770898 0.6584419246779291 0.26196515818498456 0.6564887996779291 0.26196515818498456 0.6545356746779291 0.2588555775928793 0.6447700496779291 0.2588555775928793 0.6398872371779291 0.26662952907314247 0.6398872371779291 0.2697391096652477 0.6428169246779291 0.27440348055340563 0.6525825496779291 0.27440348055340563