0 0.07636525684654029 0.2832602339181287 0.000607681088964546 0.2832602339181287 0.000607681088964546 0 0.9980824285637119 0 0.9992302706206448 0.293311403508772 0.8810025387565494 0.28051900584795325 0.7369483606114622 0.068530701754386 0.21123669853616373 0.07584064327485383 0.1613055690595797 0.13523391812865504
1 0.080545366155478 0.28475056290458767 0.15192027224112792 0.16289051505769778 0.16037256375127068 0.14793836194764992 0.16506828125690548 0.13448142414860687 0.1721118575153578 0.1255101322825782 0.17821629027268307 0.12027687869406133 0.20498188005480186 0.08887735716296091 0.26461749237636456 0.07990606529693207 0.3782538560127282 0.08065367295243449 0.7388849604454856 0.0769156346749226 0.8271644495514208 0.2077469743878413 0.8821043443673487 0.2787697016605685 0.5336821054492421 0.2840029552490853
2 0.4685221195916384 0.18817724458204338 0.47277588721439 0.18914473684210525 0.4777778621779291 0.18695502975038703 0.4777778621779291 0.1714071267898607 0.4738716121779291 0.15896880442143965 0.4709419246779291 0.15430443353328174 0.4650825496779291 0.15430443353328174 0.4631294246779291 0.1511948529411765 0.4543403621779291 0.15896880442143965 0.4523872371779291 0.1714071267898607 0.4426216121779291 0.18695502975038703 0.4445747371779291 0.19006461034249228 0.44725328147788046 0.18866099071207437 0.4527224112785611 0.1896284829721363 0.46183762761302877 0.18624226006191952
2 0.6262153621779291 0.1463233782410991 0.6291450496779291 0.1416590073529412 0.6457466121779291 0.1369946364647833 0.6457466121779291 0.12144673350425698 0.6330512996779291 0.10434404024767803 0.6154731746779291 0.11367278202399382 0.6076606746779291 0.11367278202399382 0.5969184871779291 0.1276658946884675 0.5969184871779291 0.13388505587267804 0.6037544246779291 0.14476858794504646
2 0.6098134776987035 0.16662268522468573 0.6117666026987035 0.16351310463258048 0.6117666026987035 0.14796520167205415 0.6088369151987035 0.14330083078389624 0.6029775401987035 0.14330083078389624 0.6010244151987035 0.140191250191791 0.5873525401987035 0.140191250191791 0.5805166026987035 0.14796520167205415 0.5785634776987035 0.15729394344836994 0.5814931651987035 0.16817747552073836
2 0.6490451810889645 0.18267085308630032 0.6490451810889645 0.17023253071787928 0.6441623685889645 0.1624585792376161 0.6343967435889645 0.1624585792376161 0.6236545560889645 0.17645169190208979 0.6304904935889645 0.18422564338235295
2 0.6843751899003404 0.25944287562887003 0.6882814399003404 0.2563332950367648 0.6897180359747206 0.2496130030959753 0.6941408149003404 0.2376758114841332 0.6892580024003404 0.22679227941176477 0.6775392524003404 0.22679227941176477 0.6677736274003404 0.23612102118808057 0.6521486274003404 0.23923060178018582 0.6414064399003404 0.2532237144446595 0.6482423774003404 0.2547785047407121 0.6521486274003404 0.2609976659249227 0.6560548774003404 0.2547785047407121 0.6580080024003404 0.2547785047407121 0.6599611274003404 0.2609976659249227
2 0.39409732772241124 0.2297983080979102 0.40679264022241124 0.22513393720975228 0.41558170272241124 0.20803124395317338 0.41362857772241124 0.1955929215847523 0.40874576522241124 0.18781897010448914 0.39898014022241124 0.18159980892027863 0.39312076522241124 0.18159980892027863 0.38530826522241124 0.19092855069659442 0.37065982772241124 0.21735998572948914 0.37065982772241124 0.22357914691369965 0.37358951522241124 0.22824351780185756 0.38140201522241124 0.22824351780185756 0.38335514022241124 0.2313530983939628
2 0.28697929326689353 0.17956127249419507 0.29186210576689353 0.1780064821981424 0.29479179326689353 0.17334211130998453 0.29479179326689353 0.16090378894156349 0.29186210576689353 0.15623941805340558 0.28404960576689353 0.15623941805340558 0.26549491826689353 0.17334211130998453 0.26647148076689353 0.1780064821981424 0.27819023076689353 0.1780064821981424 0.28014335576689353 0.1811160627902477
2 0.19835090544482256 0.1506075549051857 0.20518684294482256 0.14594318401702783 0.21104621794482256 0.14594318401702783 0.21397590544482256 0.14127881312886992 0.21397590544482256 0.12573091016834362 0.21006965544482256 0.11640216839202781 0.20323371794482256 0.10862821691176466 0.19542121794482256 0.10862821691176466 0.17881965544482256 0.13195007135255413 0.17881965544482256 0.1350596519446594 0.19151496794482256 0.15216234520123834
0 0 0.28143274853801176 0.878099173553719 0.2832602339181286 0.9986225895316805 0.28417397660818705 1 1 0 1
3 0.2877369956246961 0.26122291021671834 0.28621779290228494 0.26944659442724467 0.27831793874574634 0.27767027863777094 0.27345649003403016 0.28105650154798767 0.2309188138065143 0.28057275541795673 0.23152649489547886 0.2747678018575852 0.23578026251823045 0.27138157894736853 0.2458070004861449 0.2689628482972137 0.25097228974234326 0.2689628482972137 0.25431453573164803 0.2679953560371518
2 0.251215362177929 0.26925536353521673 0.27953567467792895 0.2645909926470588 0.28344192467792895 0.26148141205495357 0.28441848717792895 0.25681704116679566 0.28148879967792895 0.24904308968653252 0.27367629967792895 0.24282392850232198 0.252191924677929 0.23971434791021673 0.241449737177929 0.2474882993904799 0.241449737177929 0.2630362023510062 0.246332549677929 0.27081015383126933
3 0.36089420272241135 0.27975870138351394 0.37358951522241135 0.2719847499032508 0.38530826522241135 0.25643684694272445 0.39702701522241135 0.25021768575851394 0.40386295272241135 0.2393341536861455 0.40386295272241135 0.2300054119098297 0.36968326522241135 0.22534104102167182 0.35503482772241135 0.2486628954624613 0.34917545272241135 0.2735395401993034 0.35210514022241135 0.28131349167956654
3 0.2683595649003403 0.19006461034249225 0.2771486274003403 0.18540023945433437 0.2800783149003403 0.18073586856617646 0.2771486274003403 0.17607149767801858 0.2732423774003403 0.17918107827012383 0.2673830024003403 0.16985233649380804 0.2605470649003403 0.1776262879740712 0.2585939399003403 0.19006461034249225
3 0.16588554326689356 0.16857418851586686 0.17467460576689356 0.16701939821981424 0.18639335576689356 0.16080023703560373 0.18932304326689356 0.15613586614744582 0.17858085576689356 0.13281401170665635 0.16881523076689356 0.13281401170665635 0.15807304326689356 0.15613586614744582 0.15611991826689356 0.1654646079237616 0.16100273076689356 0.1701289788119195
3 0.42113723717792906 0.18743877588041793 0.42797317467792906 0.18277440499226003 0.43285598717792906 0.1718908729198916 0.42406692467792906 0.17344566321594423 0.42211379967792906 0.16722650203173373 0.41332473717792906 0.18432919528831268 0.41430129967792906 0.18899356617647056
2 0.43090286217792906 0.179561272494195 0.43480911217792906 0.17645169190208976 0.43480911217792906 0.16712295012577397 0.42992629967792906 0.15623941805340555 0.42602004967792906 0.15623941805340555 0.42113723717792906 0.16090378894156343 0.42797317467792906 0.18111606279024764
3 0.6536577308325322 0.1546854112620128 0.6536577308325322 0.145356669485697 0.6468217933325322 0.1344731374133286 0.6311967933325322 0.1406922985975391 0.6263139808325322 0.14846625007780226 0.6331499183325322 0.15313062096596017 0.6429155433325322 0.15313062096596017 0.6448686683325322 0.15624020155806542
3 0.6100181990484912 0.20108271075227915 0.6207603865484912 0.19641833986412124 0.6236900740484912 0.19175396897596336 0.6197838240484912 0.1793156466075423 0.6109947615484912 0.16532253394306862 0.6051353865484912 0.16843211453517387 0.5787681990484912 0.1699869048312265 0.5914635115484912 0.19641833986412124 0.6031822615484912 0.20263750104833178
3 0.6594184871779291 0.20084459050890094 0.6574653621779291 0.19151584873258515 0.6506294246779291 0.18063231666021673 0.6340278621779291 0.1852966875483746 0.6350044246779291 0.18996105843653252 0.6447700496779291 0.1992898002128483 0.6506294246779291 0.20239938080495357
3 0.6963541033665533 0.28024244751354493 0.6963541033665533 0.26780412514512386 0.6895181658665533 0.2600301736648607 0.6563150408665533 0.26313975425696595 0.6543619158665533 0.2662493348490712 0.6494791033665533 0.2646945445530186 0.6494791033665533 0.26780412514512386 0.6602212908665533 0.28179723780959753
3 0.607421875 0.23477333470394737 0.6142578125 0.2269993832236842 0.619140625 0.2161158511513158 0.6083984375 0.21456106085526316 0.6025390625 0.20212273848684212 0.5966796875 0.20212273848684212 0.591796875 0.20989668996710525 0.59375 0.22544459292763158 0.6025390625 0.236328125
2 0.32586803445551776 0.11446718387190406 0.33075084695551776 0.11291239357585142 0.33563365945551776 0.10513844209558827 0.33563365945551776 0.09891928091137774 0.32293834695551776 0.07870700706269353 0.31903209695551776 0.07870700706269353 0.31024303445551776 0.09580970031927248 0.31024303445551776 0.1113576032797988 0.31317272195551776 0.11602197416795669
3 0.44360719494409334 0.19059597523219815 0.4451263976665047 0.19881965944272442 0.4442148760330579 0.20123839009287922 0.4448225571220224 0.2065595975232198 0.4454302382109869 0.21091331269349847 0.44603791929995146 0.21333204334365322 0.4508993680116675 0.21623452012383906 0.45424161400097235 0.21671826625386995 0.4572800194457949 0.21623452012383906 0.46214146815751095 0.21284829721362233 0.46517987360233354 0.21188080495356046 0.4706490034030141 0.2036571207430341 0.47459893048128343 0.19881965944272448 0.476421973748177 0.19398219814241488 0.4761181332036947 0.192530959752322 0.4755104521147302 0.19156346749226008 0.47429508993680125 0.19156346749226008 0.47125668449197866 0.19156346749226008 0.46700291686922707 0.19107972136222914 0.46244530870199324 0.18962848297213628 0.4575838599902772 0.18914473684210523 0.45424161400097235 0.1891447368421053 0.4493801652892563 0.19011222910216724 0.44603791929995146 0.19059597523219818 0.44573407875546917 0.19059597523219818
3 0.30991735537190085 0.11416408668730649 0.2950291686922703 0.12238777089783279 0.2837870685464269 0.1262577399380805 0.27649489547885275 0.12964396284829713 0.2728488089450656 0.13448142414860675 0.27406417112299464 0.13786764705882348 0.28348322800194453 0.13738390092879255 0.2871293145357316 0.1369001547987616 0.2932061254253768 0.13593266253869968 0.2995867768595041 0.13399767801857582 0.306575109382596 0.13061145510835911 0.3111327175498298 0.13012770897832815 0.31872873116188627 0.13012770897832815 0.32997083130772975 0.13061145510835911 0.33361691784151676 0.13109520123839008 0.33513612056392805 0.13012770897832815 0.33665532328633935 0.12674148606811145 0.33118619348565875 0.12287151702786377 0.32632474477394263 0.12142027863777086 0.31933641225085074 0.12045278637770898 0.3162980068060282 0.12045278637770898
2 0.450487012987013 0.10338345864661655 0.45749704840613936 0.10632048872180452 0.4643226092089729 0.10690789473684215 0.47188606847697756 0.1074953007518797 0.4772358323494687 0.10632048872180452 0.47649793388429756 0.10250234962406014 0.4698568476977569 0.09486607142857142 0.4637691853600945 0.08517387218045114 0.45897284533648175 0.08840460526315791 0.45343860684769777 0.09633458646616544 0.45048701298701305 0.10103383458646618
3 0.45122491145218424 0.10543937969924813 0.44845779220779225 0.11131343984962407 0.4491956906729634 0.11395676691729324 0.4510404368358914 0.1192434210526316 0.4563902007083826 0.12041823308270683 0.46340023612750897 0.118656015037594 0.4720705430932704 0.11718750000000003 0.47834268004722547 0.11571898496240603 0.4792650531286895 0.10925751879699248 0.4746531877213696 0.1072015977443609 0.4665363046044865 0.1072015977443609 0.4630529897909577 0.10981037151702784 0.4582349468713105 0.1072015977443609