0 0.1252582644628099 0.2785773026315789 0 0.2816611842105264 0 2.337311630789803e-17 0.9988378099173554 0 1 0.27240953947368424 0.9523502066115702 0.2713815789473684 0.7825413223140496 0.06578947368421055 0.24018595041322313 0.06270559210526318
1 0.243629476584022 0.06716008771929827 0.32412190082644626 0.06236293859649121 0.4011707988980716 0.06510416666666669 0.5117940771349861 0.06236293859649126 0.5681818181818182 0.06373355263157894 0.6198347107438017 0.06647478070175437 0.6986053719008265 0.061677631578947414 0.7825413223140495 0.060307017543859656 0.850120523415978 0.14597039473684212 0.8656163911845731 0.1617324561403509 0.878099173553719 0.18845942982456138 0.8918732782369145 0.21518640350877194 0.9478305785123967 0.2700109649122806 0.8944559228650139 0.2734374999999999 0.8350550964187328 0.2713815789473683 0.7029097796143251 0.2796052631578948 0.3168044077134987 0.2761787280701754 0.1269800275482094 0.27891995614035087 0.19585055096418744 0.15556469298245615
2 0.4615855756817348 0.2094424779932255 0.4684215131817348 0.20477810710506758 0.4752574506817348 0.18767541384848863 0.4733043256817348 0.17523709148006758 0.4625621381817348 0.16435355940769916 0.4527965131817348 0.16435355940769916 0.4488902631817348 0.16746313999980442 0.4303355756817348 0.19389457503269916 0.4303355756817348 0.2001137362169097 0.4332652631817348 0.20477810710506758 0.4430308881817348 0.20477810710506758 0.4469371381817348 0.21099726828927812
2 0.6537355038320913 0.15660287500834616 0.6625245663320913 0.15504808471229353 0.6654542538320913 0.15038371382413562 0.6654542538320913 0.13483581086360932 0.6605714413320913 0.12706185938334616 0.6410401913320913 0.12706185938334616 0.6342042538320913 0.13483581086360932 0.6351808163320913 0.15193850412018825 0.6449464413320913 0.1581576653043988
2 0.6842596873410538 0.12374600156560071 0.6930487498410538 0.12219121126954809 0.6940253123410538 0.1081980986050744 0.6832831248410538 0.08798582475639019 0.6793768748410538 0.08798582475639019 0.6735174998410538 0.09420498594060071 0.6539862498410538 0.09731456653270598 0.6432440623410538 0.11441725978928492 0.6461737498410538 0.11908163067744282 0.6520331248410538 0.11908163067744282 0.6539862498410538 0.12219121126954809 0.6598456248410538 0.11908163067744282 0.6715643748410538 0.12530079186165335
2 0.5087375764076911 0.1786400837677205 0.5253391389076911 0.17708529347166788 0.534128201407691 0.16620176139929943 0.534128201407691 0.15687301962298364 0.5272922639076911 0.1397703263664047 0.5155735139076911 0.13666074577429943 0.5087375764076911 0.1444346972545626 0.5058078889076911 0.1584278099190363 0.5019016389076911 0.16153739051114155 0.49018288890769113 0.16153739051114155 0.48725320140769113 0.16620176139929943 0.49018288890769113 0.1739757128795626 0.49604226390769113 0.1739757128795626 0.5038547639076911 0.18019487406377313
2 0.5159461145549544 0.09461190284014628 0.5210162706611571 0.09486790707236843 0.5199879651896039 0.08525182768622112 0.5155786735881681 0.07852427366933742 0.5128228663372707 0.07472702760431349 0.5104345000531596 0.07603800370657608 0.5018914975753778 0.08349681359486016 0.499227550566177 0.08832310234610281 0.499227550566177 0.09022436761174386 0.5061170686934205 0.09183313052882475
2 0.373046875 0.09173262746710527 0.375 0.088623046875 0.375 0.07307514391447369 0.3701171875 0.06530119243421052 0.3662109375 0.06530119243421052 0.359375 0.07618472450657894 0.359375 0.08240388569078948 0.3681640625 0.0932874177631579
3 0.595164129511397 0.22588945141882386 0.598093817011397 0.22433466112277123 0.599070379511397 0.21967029023461332 0.588328192011397 0.21189633875435016 0.518015692011397 0.21189633875435016 0.516062567011397 0.2087867581622449 0.49262506701139697 0.2087867581622449 0.49067194201139697 0.20567717757013965 0.48090631701139697 0.20567717757013965 0.47895319201139697 0.20256759697803436 0.46918756701139697 0.20256759697803436 0.46235162951139697 0.21034154845829753 0.46235162951139697 0.21656070964250806 0.46528131701139697 0.22122508053066595 0.49262506701139697 0.22122508053066595 0.49457819201139697 0.22433466112277123 0.512156317011397 0.22433466112277123 0.514109442011397 0.22122508053066595 0.521921942011397 0.22122508053066595 0.523875067011397 0.22433466112277123 0.559031317011397 0.22433466112277123 0.560984442011397 0.22122508053066595 0.568796942011397 0.22122508053066595 0.574656317011397 0.22744424171487648
2 0.7010266012396694 0.16678659539473686 0.7015810206103773 0.1534359580592105 0.6969877519770943 0.1469242122770351 0.6873784847606007 0.1488982722654828 0.6832792357968163 0.14957519837018665 0.6807139929814198 0.15728802721638568 0.6834195828026953 0.16354064879070926
3 0.6932093066741997 0.11329782551354514 0.7127317914108459 0.11046048637406689 0.714221258860771 0.11231635599988912 0.7326060943369601 0.11220532106501087 0.7398479448564548 0.11168187065772768 0.7419046802189561 0.1067854283062661 0.7373198353887723 0.10293390400267667 0.7376436326604952 0.10043561796791595 0.7434072240971625 0.10135264756400866 0.7456090455448783 0.09947893303793812 0.7465798146729858 0.10276239468362364 0.7550190924107943 0.1092728091242084 0.7629845052951773 0.11030285642187365 0.756446291154619 0.1132928685968095 0.7806955933713583 0.11249282223567778 0.7702998328878706 0.11764305872400395 0.7555240916172697 0.11980130027070002 0.7488551131939003 0.1228914421636957 0.7442783632955093 0.11831125109996773 0.740205367229472 0.12118428003994257 0.7133357978600213 0.12380946314313557 0.6922173661860178 0.12503283019349062 0.6833988720280569 0.12430416343335209 0.6921413983645751 0.12336532340362255
3 0.6658726137875669 0.1513342665335935 0.681346387253555 0.1529958250233788 0.680104126566849 0.1576354990879344 0.6757889052340804 0.15918205710945293 0.6757191642832477 0.16619312014033696 0.668004071597389 0.1681392056507478 0.6656347473302628 0.16458509635129656 0.6628233152498226 0.16458311358460231 0.6653489339692612 0.16187663704694485 0.6617529161919541 0.16135616078970302 0.6645880103807125 0.1578099825570288 0.6624957818557338 0.15593626803095825
3 0.7023471380390869 0.15263868479733467 0.7171210112485047 0.15469977077601224 0.7195146203110101 0.150919626073416 0.7240477821151303 0.15463136532506047 0.7414033158794774 0.15626714784782045 0.7598666099253532 0.1576798691174768 0.7581660515617469 0.16241967290009232 0.7325455924366733 0.1616711784730112 0.751572418272759 0.1644480432283147 0.7443162459508614 0.16898461342476906 0.7338756519989812 0.1681389634296695 0.727141291434206 0.16968552145118806 0.7157853475026478 0.17050638686260944 0.7017885877453649 0.1677493497742485 0.702710164595653 0.15799711178855755 0.7003564075050521 0.1513350156958623
0 0 0.2816611842105263 0.9988378099173555 0.27343750000000006 1 0.9981496710526315 0 1
3 0.7498486811474401 0.23646262767935894 0.751430306282394 0.2399483315278584 0.7673499236840622 0.24044898011815768 0.769351239898134 0.24292347295258734 0.8002738793476701 0.24274105841671592 0.8026780740902124 0.24238316902840298 0.8044265793575162 0.24423903865422522 0.8450170581162244 0.24680672152328484 0.851362861954932 0.24866259114910708 0.8688479146279681 0.2519460527947926 0.8913611653186239 0.2557539562311084 0.8973190351183252 0.2567840035287737 0.8986696433536462 0.2612858753080786 0.8967735612528842 0.26458519908731815 0.8805893018502887 0.26352640167258623 0.8560299014771686 0.2631863571845216 0.827393768915645 0.2640042484459016 0.8060094498665921 0.2633677803370459 0.794233814855916 0.2602379831101651 0.7771753028196688 0.25803810346288963 0.7747337468534661 0.26061570016542057 0.7674769518445071 0.25999013727338327 0.7576702533207308 0.25634680347269057 0.7514589498872003 0.2601616465924363 0.74603410021172 0.26067617454959535 0.7440072538281468 0.2574492217546961 0.7490584912670238 0.2573451265032477 0.7499003641735034 0.25557550722862554 0.7424468000532669 0.255882836066235 0.7401584251040715 0.2528640737742325 0.7379354322962817 0.24962125884577918 0.7384535079310384 0.24493697253060281 0.7460913874213325 0.2429591627530839
3 0.4103176652892562 0.10099712171052631 0.43436854338842973 0.09611430921052631 0.44163223140495866 0.09482935855263158 0.44453770661157027 0.09200246710526316 0.4482502582644628 0.09046052631578948 0.4506714876033058 0.08583470394736842 0.4461518595041322 0.08583470394736842 0.4135459710743802 0.08557771381578948 0.4095053586701043 0.08606535137011145 0.4036459836701043 0.08917493196221671 0.40160123966942146 0.08891858552631579 0.39675878099173556 0.09200246710526316 0.3811850461701043 0.07829139988984829 0.3811850461701043 0.08762014166616408 0.3792319211701043 0.09072972225826935 0.3802084836701043 0.0985036737385325 0.3880209836701043 0.10161325433063777 0.3990185950413223 0.10125411184210528
3 0.5327617739154723 0.16430187373524144 0.5508858916389142 0.162277711101793 0.572280061986402 0.1621756976003725 0.5932892227004296 0.16254527282920284 0.6051795567089707 0.1653372212891317 0.5957094438415678 0.16642983958066154 0.5921094632542501 0.16940791793791896 0.5794395549951845 0.1706177622705548 0.5658085277971162 0.17199673425028247 0.5550659159367879 0.1751564682284904 0.540782339564344 0.1769551273324831 0.5294034782075531 0.17768622409266313 0.5245630359252766 0.17777391990967373 0.5273598358319891 0.17185445226145918
3 0.5256218355705253 0.09070092896243569 0.5400262543826685 0.08888795217403316 0.5503141614350124 0.08700607152940808 0.5648692117533852 0.08905350040002254 0.5750402107710434 0.08885842194993776 0.5746681284683417 0.09136401672166877 0.5655211988699018 0.09229198164248491 0.5572713136145312 0.09489601049453392 0.548190706843461 0.09666424451915552 0.5355719458495706 0.09834299301621528 0.5321906057694296 0.10038773732100292 0.5355224847579727 0.10336581567826036 0.5272602342297027 0.10792599816281083 0.526138928800866 0.10097297267125727 0.5250176233720294 0.09937565600427874 0.520414369506279 0.09420786678758351 0.5220510819918791 0.09016759521816724
2 0.6527466246499927 0.20327159253364527 0.6559219093093833 0.20384935109572985 0.6574641904296586 0.20453769625758847 0.6584621370368957 0.2064492646251106 0.6594600836441328 0.20673814390615286 0.6620003113716453 0.20529374750094137 0.6636333149107604 0.20442710965781447 0.666625117021892 0.20174820570002372 0.6654477632875551 0.19864952403696845 0.6645405390991578 0.19460521410237624 0.6622724786281644 0.1907053438083052 0.6615466992774467 0.189549826684136 0.6577363576861779 0.189549826684136 0.6547425178644668 0.19272749877560127 0.6525651798123132 0.19576073122654544 0.6522022901369544 0.19720512763175693 0.6522022901369544 0.19951616188009536 0.6522022901369544 0.20240495469051833
3 0.6674762512093748 0.19968938643592027 0.6941342183260988 0.20733886889115527 0.7038984737235036 0.20659859639548736 0.7045184264471482 0.2088194138824911 0.7108317731289527 0.20906617138104705 0.7257518072319807 0.21202726136371866 0.7285415944883822 0.21572862384205818 0.7156775754727537 0.2162221388391701 0.7049833909898819 0.2140013213521664 0.691809395612431 0.21202726136371866 0.6808052347677367 0.2088194138824911 0.673520790264911 0.21597538134061417 0.6732108139030887 0.21745592633194993 0.6716609320939768 0.21770268383050592 0.6696460857421314 0.21720916883339397 0.6691811211993979 0.21745592633194993 0.6684061802948419 0.21548186634350222 0.6684061802948419 0.21128698886805078 0.6684061802948419 0.2083258988853791 0.6670887807570969 0.2063518388969314 0.6594168658019931 0.20561156640126352 0.6676312393902859 0.2009231739287001
2 0.7104015502134284 0.22482795338956005 0.716756065630787 0.2206330759141086 0.7204297698564474 0.2206330759141086 0.7267418985982921 0.2204480077901916 0.7341147418928399 0.21520441094587733 0.7372145055110634 0.21520441094587733 0.7410892100338432 0.21520441094587733 0.7471337490893796 0.22013956091699666 0.7482186663557577 0.22359416589678022 0.7505434890694256 0.2312436483520152 0.7502335127076032 0.23741258581591443 0.7463588081848235 0.24086719079569793 0.7376794700537972 0.24604909826537327 0.7282251910182148 0.24728288575815313 0.7215606992390337 0.24777640075526505 0.7162911010880534 0.24506206827114943 0.7142762547362079 0.24136070579280988 0.7119514320225402 0.23765934331447036 0.7100915738516059 0.23321770834046293 0.70931663294705 0.23025661835779135 0.70931663294705 0.225321468386672
2 0.4733201266099544 0.1561562038740761 0.4733201266099544 0.15451735693336344 0.4737924032663758 0.15166916200159938 0.4744430630561827 0.14662109440083895 0.47453664109336835 0.14528021963116497 0.47706324809738215 0.14125759532214308 0.47837334061798187 0.14021469272350778 0.48041524263251023 0.13822200382968672 0.48136783780792414 0.1388738179538338 0.48258435229133817 0.14051266489454645 0.4844208212711074 0.14379035877597168 0.48688894200188015 0.14781298308499358 0.48698252003906584 0.14960081611122555 0.48716967611343714 0.1533254682492088 0.4892283929315225 0.16107274469621397 0.4850173812581662 0.16598928551835188 0.4808999476219956 0.16598928551835185 0.47453664109336835 0.15943389775550132 0.4728522364240259 0.1569011343016727
3 0.4874083137580389 0.15215961953219437 0.48956060861330986 0.15320252213082966 0.4949881347700802 0.15692717426881292 0.499049640907464 0.15692717426881292 0.5012578632615218 0.15692717426881292 0.5058431870836207 0.15692717426881292 0.5058431870836207 0.15916196555160286 0.5058431870836207 0.16001863554333898 0.5000413487781077 0.16005588206471882 0.4962046492534942 0.16109878466335414 0.49208721561732366 0.16094979857783484 0.4896541866504956 0.1622906733475088 0.48731473572085315 0.15558629949913896 0.48740831375803884 0.15245759170323303
2 0.3239462530011802 0.14664713436797916 0.3310954688264842 0.14165319061859882 0.33620497587250625 0.13875087183545465 0.339667363248377 0.1359201362105874 0.34200681417801937 0.13711202489474203 0.3439719529589189 0.14217755180239927 0.34509488940514726 0.1459022039403825 0.34509488940514726 0.15043522198768744 0.34312975062424766 0.1530715773291037 0.3420068141780193 0.15618224384121626 0.3348948833519065 0.1573741325253709 0.32825084271172217 0.1578210907819289 0.32263616048058047 0.1573741325253709
3 0.34540136430181956 0.14909793374288832 0.3725389950856711 0.15267359979535225 0.37871514553992697 0.15684521018989347 0.3819903768414263 0.15684521018989347 0.37796652124244134 0.15773912670300944 0.37375550956908515 0.15773912670300946 0.36860871752387186 0.15833507104508676 0.3614032086605734 0.15818608495956746 0.3515775147560754 0.15773912670300944 0.3471793470083478 0.15773912670300944 0.342219711037506 0.15669622410437412 0.342500445149063 0.15341853022294888 0.3445591619671483 0.15237562762431356 0.3453077862646339 0.1505877945980816