0 0.04648760330578512 0.28508771929824556 0.2083333333333334 0.07309941520467839 0.2513774104683195 0.06578947368421052 0.306473829201102 0.07584064327485385 0.4005968778696052 0.07858187134502928 0.47118916437098257 0.08040935672514624 0.7363406795224977 0.07675438596491231 0.7902892561983472 0.15625000000000006 0.8809687786960516 0.28600146198830423 1 0.28965643274853814 0.999196510560147 2.337311630789803e-17 0 0 0 0.29239766081871343
1 0.11432506887052338 0.2083333333333333 0.20959595959595956 0.07035818713450287 0.25091827364554636 0.06944444444444443 0.2933884297520661 0.07766812865497075 0.3335629017447199 0.07766812865497075 0.36570247933884303 0.07766812865497075 0.40759871441689616 0.07858187134502922 0.4328512396694214 0.07949561403508772 0.5022956841138659 0.07858187134502922 0.547635445362718 0.08132309941520467 0.6578282828282829 0.07675438596491227 0.7112029384756656 0.07401315789473684 0.7370293847566574 0.07127192982456139 0.754247015610652 0.10782163742690058 0.7645775941230486 0.1197002923976608 0.7858126721763086 0.1553362573099415 0.8047520661157025 0.17909356725146197 0.8213957759412305 0.20467836257309938 0.8443526170798897 0.23574561403508767 0.8673094582185492 0.27229532163742687 0.8764921946740127 0.2841739766081871 0.8225436179981634 0.2814327485380117 0.7674471992653811 0.2805190058479532 0.655532598714417 0.28326023391812866 0.5355831037649218 0.27960526315789475 0.381198347107438 0.2786915204678363 0.19983930211202933 0.28508771929824556 0.04889807162534439 0.2832602339181286
2 0.39124748357702904 0.2266676023743253 0.40589592107702904 0.21889365089406213 0.41273185857702904 0.2080101188216937 0.41468498357702904 0.19868137704537792 0.40589592107702904 0.18157868378879896 0.39222404607702904 0.1784691031966937 0.38831779607702904 0.18468826438090422 0.38061559652468746 0.19283485155195682 0.3769998940453486 0.19804318488529019 0.37171623357702904 0.20179095763748317 0.36390373357702904 0.211119699413799 0.36878654607702904 0.2220032314861674 0.38441154607702904 0.22511281207827266 0.38636467107702904 0.22822239267037792
2 0.4670689858093006 0.10947572934877622 0.4739049233093006 0.1079209390527236 0.4728491205763932 0.09836791497975707 0.4660924233093006 0.08615387490798676 0.4621861733093006 0.08615387490798676 0.4542540792540791 0.09507844129554655 0.4514439858093006 0.10325656816456572 0.4543736733093006 0.1079209390527236
2 0.6025223001430386 0.1684698807565789 0.6034988626430386 0.16691509046052627 0.6093582376430386 0.16691509046052627 0.6103348001430386 0.16536030016447364 0.6103348001430386 0.16225071957236836 0.6122879251430386 0.1591411389802631 0.6122879251430386 0.14670281661184206 0.6113113626430386 0.14514802631578944 0.6093582376430386 0.14514802631578944 0.6074051126430386 0.14203844572368415 0.5976394876430386 0.14203844572368415 0.5956863626430386 0.1389288651315789 0.5898269876430386 0.1389288651315789 0.5878738626430386 0.14203844572368415 0.5859207376430386 0.14203844572368415 0.5839676126430386 0.14514802631578944 0.5820144876430386 0.14514802631578944 0.5810379251430386 0.14670281661184206 0.5810379251430386 0.14981239720394732 0.5790848001430386 0.15292197779605257 0.5790848001430386 0.1591411389802631 0.5810379251430386 0.16225071957236836 0.5810379251430386 0.16536030016447364 0.5820144876430386 0.16691509046052627 0.5878738626430386 0.16691509046052627 0.5898269876430386 0.17002467105263153 0.6015457376430386 0.17002467105263153
2 0.6781341130030436 0.26637904738490675 0.6859466130030436 0.2601598862006962 0.6859466130030436 0.24772156383227517 0.6898528630030436 0.2352832414638541 0.6869231755030436 0.22750928998359096 0.6752044255030436 0.22439970939148568 0.6673919255030436 0.23061887057569622 0.6537200505030436 0.23372845116780147 0.6468841130030436 0.24150240264806463 0.6468841130030436 0.2508311444243804 0.6556731755030436 0.2648242570888541
2 0.6410223299427844 0.13644759246373145 0.6449285799427844 0.13333801187162617 0.6449285799427844 0.11779010891109987 0.6361395174427844 0.10379699624662618 0.6244207674427844 0.10379699624662618 0.6146551424427844 0.1100161574308367 0.6048895174427844 0.1100161574308367 0.6009832674427844 0.11312573802294197 0.5947499470226741 0.12426197705802967 0.5947499470226741 0.12919618758434548 0.6009832674427844 0.13489280216767882 0.6127020174427844 0.13178322157557354 0.6244207674427844 0.13800238275978408
3 0.36301553560076283 0.1129092732582659 0.38938272310076283 0.108244902370108 0.39133584810076283 0.10513532177800274 0.39719522310076283 0.10513532177800274 0.4032898919262556 0.10216346153846154 0.39817178560076283 0.10047095088984484 0.38719802924348373 0.10026568825910932 0.35422647310076283 0.09891616059379221 0.35227334810076283 0.10202574118589747 0.34250772310076283 0.10202574118589747 0.33567178560076283 0.10669011207405536 0.33860147310076283 0.11446406355431853
3 0.5302169421487604 0.2384733336496288 0.5321700671487604 0.23225417246541827 0.5272872546487604 0.2244802209851551 0.5077560046487603 0.2244802209851551 0.5058028796487603 0.2275898015772604 0.49799037964876025 0.2244802209851551 0.49213100464876025 0.2275898015772604 0.49017787964876025 0.2244802209851551 0.42767787964876025 0.22137064039304985 0.42572475464876025 0.2182610598009446 0.41400600464876025 0.2182610598009446 0.40814662964876025 0.2151514792088393 0.39935756714876025 0.22603501128120773 0.40424037964876025 0.23691854335357618 0.49213100464876025 0.23691854335357618 0.49408412964876025 0.2338089627614709 0.5038497546487603 0.2338089627614709 0.5155685046487603 0.24002812394568143
3 0.4792035024634456 0.19199831572621456 0.5133831899634456 0.18733394483805665 0.5153363149634456 0.1842243642459514 0.5449909938546303 0.1805836707152496 0.5319378774634458 0.17645041276568824 0.4899456899634456 0.1748956224696356 0.4879925649634456 0.17800520306174086 0.4743206899634456 0.17800520306174086 0.4733441274634456 0.1888887351341093
3 0.6504197826208646 0.13637099715652623 0.6682901825804756 0.13516929935747748 0.6929655630827504 0.13205734438259106 0.6949186880827504 0.1289477637904858 0.6988249380827504 0.13205734438259106 0.7164030630827504 0.13205734438259106 0.7183561880827504 0.1289477637904858 0.7293313336004917 0.1282651794327548 0.7349577505827504 0.12428339290232791 0.7100180937640993 0.124990374024353 0.7142539507807423 0.1230752541696161 0.7046843130827504 0.11650944142206476 0.7038079698659747 0.11440629542503526 0.700990749804624 0.1137435175276213 0.6991336942143547 0.1100250252543394 0.6989003088999939 0.11315615538763735 0.6923198803030836 0.11224951485853364 0.692302938258041 0.11439418486544799 0.6952390983907104 0.11856682312325358 0.6929519223099747 0.12324865536370697 0.6856917373752371 0.12354151071372711 0.6831051365800771 0.12127133127108987 0.679823911938175 0.12153115782223554 0.6818510794909117 0.12402813501714402 0.6683313275470072 0.12441181956406888 0.6664262118697807 0.12209154644313873 0.6629762582894962 0.12232054611533491 0.6559498044251408 0.12326792216305042 0.6452438149823744 0.12549296224722592 0.6449623695810562 0.13360098189092232 0.641638271192516 0.1372407555268868 0.6493434441266348 0.13770591111103528
3 0.6856715493759374 0.18180164195296744 0.7033597858752818 0.17309929739257449 0.7095076237266313 0.17295763057435204 0.7139581952324864 0.16819102441678757 0.6984769733752818 0.1684349265044166 0.6789457233752818 0.1684349265044166 0.6720574060382248 0.16667610350841278 0.6688460241126204 0.16473731301448252 0.6584021177339805 0.16584047489688916 0.6447660358752818 0.16688013620836398 0.6447660358752818 0.17620887798467977 0.6454131012827334 0.18075187662874115 0.6480273625595955 0.1836028124515875 0.651385690794242 0.18358739901211277 0.6523676378946637 0.1821396366614494 0.6594276300930828 0.18237248969351422 0.6740835363228979 0.1801793774482507
2 0.603793755959949 0.2166640967653508 0.603793755959949 0.20733535498903502 0.600864068459949 0.20267098410087714 0.595004693459949 0.20267098410087714 0.5912609677219975 0.21029439365613833 0.5926997084240342 0.2169925486670261 0.5966034170103225 0.2183874326685344 0.5989118958947964 0.21908317979200845
3 0.6048695022048353 0.2083712308399457 0.6089318288929388 0.21549395260949422 0.6193750743882994 0.21663291014170996 0.6220875503844441 0.21325162996794447 0.6212492164570643 0.21128048769120805 0.6150849337821523 0.2084102130173876 0.614915670170148 0.20387217909996555 0.6183477826550657 0.20686448493795198 0.6243795287281252 0.20782293803983887 0.6290294875786588 0.2135516232465192 0.6352629660697988 0.21353975910555859 0.6364254557824323 0.21741763832238836 0.6350282325701324 0.21838456581067567 0.6299982290058533 0.21801847231817775 0.6289363393645054 0.2191642093595138 0.6340845080918821 0.22047519693565795 0.6439379923227747 0.21868879628245053 0.6453219086473384 0.2205396022723011 0.6494736576210292 0.2259157530047242 0.6627592543368396 0.22608439329409244 0.6732770184035227 0.2283741724994845 0.6680234591252756 0.2319876508606213 0.6565726160905309 0.23082665992376447 0.6462592458194754 0.22917669689160372 0.6340578943164096 0.2268750535452511 0.6249985651456126 0.22607083427585176 0.6189636254194965 0.22464628992194202 0.615274956139025 0.2285241691387718 0.6114649280423996 0.2339808265419988 0.6077762587619282 0.23309101596995527 0.6087045472504048 0.22445985342113292 0.6098563914528492 0.22223024235918384 0.6062236111008698 0.21938284852864448 0.6018083857500025 0.22008622259987892 0.6052958548879027 0.21786169616977005
2 0.420070459843187 0.16926029014844804 0.4224809281627463 0.1709050269905533 0.4248913964823055 0.16953441295546556 0.42747404111040466 0.16460020242914977 0.42936798050434405 0.16405195681511467 0.4314340962068234 0.16569669365721995 0.43281150667514295 0.16651906207827258 0.4317784488239033 0.1621330971659919 0.429712333121424 0.1577471322537112 0.42781839372748454 0.15473178137651822 0.4254079254079253 0.15473178137651825 0.423341809705446 0.15473178137651825 0.4223087518542063 0.15555414979757087 0.42110351769442667 0.15719888663967616 0.420070459843187 0.15966599190283404 0.4197261072261072 0.1613107287449393 0.420242636151727 0.16624493927125508
2 0.4567990603146853 0.19023694490131582 0.4577756228146853 0.1886821546052632 0.4734006228146853 0.1886821546052632 0.4743771853146853 0.18401778371710528 0.4763303103146853 0.18090820312500003 0.4763303103146853 0.16846988075657898 0.4743771853146853 0.1653603001644737 0.4743771853146853 0.1591411389802632 0.4694943728146853 0.15136718750000003 0.4675412478146853 0.15136718750000003 0.4655881228146853 0.14825760690789477 0.4616818728146853 0.14825760690789477 0.4597287478146853 0.15136718750000003 0.4538693728146853 0.15447676809210528 0.4509396853146853 0.1591411389802632 0.4480099978146853 0.17313425164473686 0.4382443728146853 0.17313425164473686 0.4362912478146853 0.17624383223684212 0.4323849978146853 0.17624383223684212 0.4314084353146853 0.17779862253289477 0.4314084353146853 0.18401778371710528 0.4323849978146853 0.1855725740131579 0.4382443728146853 0.1855725740131579 0.4401974978146853 0.1886821546052632 0.4499631228146853 0.1886821546052632 0.4519162478146853 0.19179173519736845 0.4558224978146853 0.19179173519736845
3 0.43240093240093214 0.16550691632928474 0.4346392244119514 0.16687753036437247 0.4377383979656705 0.16961875843454793 0.4413541004450093 0.16934463562753035 0.4453141555414282 0.17044112685560053 0.44772462386098727 0.1696187584345479 0.44875768171222696 0.17126349527665316 0.4478968001695272 0.17318235492577597 0.445314155541428 0.17455296896086372 0.44118192413646934 0.17647182860998648 0.4372218690400506 0.1772941970310391 0.43291746132655196 0.1778424426450742 0.42981828777283304 0.17756831983805665 0.42826870099597353 0.17647182860998648 0.42809652468743353 0.17181174089068824 0.42930175884721317 0.16852226720647773 0.42930175884721317 0.16742577597840755 0.42930175884721317 0.16715165317139 0.43119569824115256 0.1666034075573549
2 0.27303297351998645 0.16704751232476794 0.27788202057682576 0.17107543928502578 0.2812552707033226 0.1752711965352943 0.28779094282341033 0.17459987537525135 0.29021546635183 0.16453005797460685 0.29285081801315566 0.16285175507449945 0.2965403103390116 0.1613412824644028 0.29527534154157525 0.15949514927428463 0.2933778883454208 0.15630637376408058 0.28937215382020576 0.1509358044837368 0.2875801146905042 0.14992882274367242 0.28652597402597396 0.15009665303368314 0.2847339348962725 0.14942533187364015 0.2833635520323831 0.15026448332369385 0.2811498566368696 0.15278193767385498 0.27883074717490297 0.1541245799939409 0.2755629111148591 0.15546722231402682 0.27450877045032884 0.15680986463411278 0.2732438016528925 0.15832033724420944 0.2721896609883623 0.15999864014431683 0.2715571765896442 0.16285175507449945 0.27271673132062735 0.16587270029469278
3 0.29412146295263175 0.16505162287587094 0.29654598648105146 0.16488379258586025 0.3012896194714377 0.16471596229584948 0.3055061821295587 0.16521945316588169 0.310355229186398 0.1658907743259247 0.3149934481103312 0.16706558635599986 0.3193154248349054 0.16891171954611803 0.32279408902785517 0.17059002244622545 0.3278539642176006 0.17226832534633285 0.3241644718917446 0.17361096766641876 0.3168909013064857 0.1737787979564295 0.31172561205028737 0.17428228882646177 0.302660002335327 0.1746179494064832 0.2944377051519909 0.1737787979564295 0.28874534556352743 0.17277181621636506 0.2886399314970744 0.17176483447630062 0.28874534556352743 0.1700865315761932 0.28927241589579256 0.1675690772260321 0.2919077675571182 0.16555511374590318
2 0.23945994481708757 0.24431356550717448 0.24177905427905416 0.24095695970695963 0.2428331949435844 0.2391108265168415 0.2468389294687995 0.2362577115866589 0.2479984841997828 0.23575422071662666 0.2522150468579039 0.23558639042661594 0.2587507189779916 0.23558639042661594 0.2621239691044885 0.2359220510066374 0.2696083678226534 0.23659337216668042 0.2707679225536368 0.2367612024566911 0.27656569620855326 0.23927865680685226 0.2799389463350502 0.24313875347709932 0.28352302459445317 0.25153026797763633 0.2846825793254364 0.25589385551791566 0.2840500949267182 0.262774897408356 0.27793607907244267 0.26864895755873197 0.26897588342393525 0.27200556335894677 0.25474498445277655 0.2676419758186675 0.24536313253845712 0.26512452146850635 0.2408303276809769 0.26210357624831304 0.23967077294999364 0.25891480073810896 0.24093574174742996 0.25421555261780826 0.23967077294999364 0.24934847420749673 0.2391437026177285 0.24582403811727116
0 0.00114784205693294 0.29605263157894735 0.04935720844811759 0.28326023391812877 0.9969008264462809 0.28600146198830423 1 0.9959795321637425 0 1
3 0.28580564457187824 0.25541575435842345 0.2922359026255129 0.25642273609848787 0.2959253949513689 0.25793320870858455 0.29940405914431883 0.25910802073865974 0.307942598527014 0.2617933053788316 0.3127916455838533 0.2629681174089068 0.3151107550458199 0.26397509914897127 0.30562348906504744 0.26481425059902497 0.2981390903468825 0.2661568929191109 0.29191966042615386 0.268003026109229 0.2832757069770056 0.27169529248946533 0.2774779333220891 0.2727022742295297 0.2730505425310619 0.27303793480955124 0.2752642379265755 0.2698491592993472 0.2800078709169618 0.26649255349913237 0.28369736324281775 0.262800287118896 0.28538398830606615 0.25944368131868123
2 0.18912905276541636 0.15331899460188933 0.1980822208094935 0.14893302968960861 0.20496927315109129 0.1412575910931174 0.2087571519389701 0.1368716261808367 0.21082326764144943 0.13029267881241566 0.20634668361941086 0.11384531039136302 0.20118139436321253 0.1056216261808367 0.19739351557533372 0.10397688933873143 0.19636045772409405 0.10397688933873143 0.19394998940453484 0.10616987179487176 0.18878470014833648 0.11658653846153844 0.1849968213604577 0.1237137314439946 0.17776541640177998 0.12974443319838055 0.17604365331638056 0.1313891700404858 0.17397753761390117 0.1368716261808367 0.17673235855054034 0.14728829284750333 0.18224200042381855 0.15222250337381912
2 0.33510931540050853 0.10754345110070847 0.33510931540050853 0.10132428991649794 0.33217962790050853 0.09665991902834005 0.32827337790050853 0.09665991902834005 0.32534369040050853 0.08577638695597163 0.32046087790050853 0.07800243547570847 0.31850775290050853 0.07800243547570847 0.30971869040050853 0.09510512873228742 0.31167181540050853 0.10132428991649794 0.31850775290050853 0.1090982413967611
3 0.6882477027105125 0.25775211630474787 0.709613217361151 0.2614901545822598 0.7232307981274922 0.2596211354435038 0.7457702421545395 0.2614901545822598 0.7650226839276425 0.2633591737210158 0.786388198578281 0.2670972119985278 0.8023536380974395 0.2700876426205373 0.8279452985031495 0.27382568089804926 0.8340497312604749 0.2753208962090541 0.8286496561289949 0.282796972764078 0.8044667109749755 0.2824231689363268 0.7880316997052533 0.28317077659182915 0.7483528867826388 0.280927953625322 0.7279265156331272 0.2775637191755612 0.7211177252499565 0.2775637191755612 0.7100827891117146 0.2779375230033124 0.697873923597064 0.28055414979757076 0.6734561925677627 0.2730780732425469 0.6722822631913541 0.2719566617592933 0.6706387620643818 0.26634960434302535 0.6715779055655088 0.26373297754876696 0.6762736230711436 0.26410678137651816 0.6816736982026237 0.26373297754876696 0.6847259145812864 0.2607425469267574
2 0.6433392601716466 0.17906380471912953 0.6433392601716466 0.17595422412702427 0.6452923851716466 0.17284464353491902 0.6452923851716466 0.16351590175860323 0.6443158226716466 0.1619611114625506 0.6423626976716466 0.1619611114625506 0.6404095726716466 0.15885153087044532 0.6345501976716466 0.15885153087044532 0.6325970726716466 0.1619611114625506 0.6286908226716466 0.1619611114625506 0.6257611351716466 0.16662548235070848 0.6257611351716466 0.17284464353491902 0.6267376976716466 0.17439943383097165 0.6325970726716466 0.17439943383097165 0.6345501976716466 0.1775090144230769 0.6384564476716466 0.1775090144230769 0.6404095726716466 0.18061859501518218 0.6423626976716466 0.18061859501518218
3 0.6121265098537825 0.16337719298245612 0.6253840856113583 0.16474780701754385 0.625728438228438 0.16721491228070173 0.6200466200466199 0.17105263157894735 0.6215962068234794 0.17626096491228066 0.6203909726636998 0.17817982456140347 0.6164309175672811 0.17900219298245612 0.6140204492477219 0.17927631578947364 0.6114378046196227 0.1790021929824561 0.6112656283110827 0.1790021929824561 0.6109212756940029 0.17872807017543857 0.6104047467683831 0.17626096491228066 0.6085108073744436 0.17626096491228066 0.6079942784488238 0.17379385964912278 0.6081664547573638 0.17324561403508767 0.6081664547573638 0.17242324561403502 0.6085108073744436 0.1677631578947368 0.6090273363000634 0.1666666666666666
3 0.47302129688493316 0.1023321524966262 0.47560394151303237 0.10370276653171391 0.48214664123755036 0.10342864372469636 0.48955022250476793 0.10205802968960864 0.49437115914388635 0.10178390688259109 0.49798686162322525 0.10123566126855602 0.5045295613477431 0.10096153846153846 0.5105557321466413 0.10096153846153846 0.5148601398601398 0.10041329284750339 0.5195089001907183 0.10041329284750339 0.5239854842127569 0.10041329284750339 0.5258794236066964 0.10068741565452094 0.5263959525323161 0.10205802968960864 0.5248463657554566 0.10315452091767884 0.5203697817334181 0.10370276653171391 0.5157210214028396 0.10534750337381918 0.5096948506039415 0.10699224021592443 0.49884774316592495 0.10973346828609988 0.4935102776011867 0.11082995951417005 0.4850736384827294 0.1111040823211876 0.4818022886204704 0.11247469635627531 0.48317969908879 0.11439355600539812 0.48386840432294975 0.1149418016194332 0.48059705446069084 0.11713478407557357 0.4797361729179911 0.12042425775978409 0.4783587624496715 0.11877952091767884 0.476809175672812 0.1154900472334683 0.47508741258741255 0.11384531039136304 0.47422653104471285 0.11302294197031042 0.4740543547361729 0.11028171390013497