0 0.04648760330578512 0.28508771929824556 0.2083333333333334 0.07309941520467839 0.2513774104683195 0.06578947368421052 0.306473829201102 0.07584064327485385 0.4005968778696052 0.07858187134502928 0.47118916437098257 0.08040935672514624 0.7363406795224977 0.07675438596491231 0.7902892561983472 0.15625000000000006 0.8809687786960516 0.28600146198830423 1 0.28965643274853814 0.999196510560147 2.337311630789803e-17 0 0 0 0.29239766081871343
1 0.11432506887052338 0.2083333333333333 0.20959595959595956 0.07035818713450287 0.25091827364554636 0.06944444444444443 0.2933884297520661 0.07766812865497075 0.3335629017447199 0.07766812865497075 0.36570247933884303 0.07766812865497075 0.40759871441689616 0.07858187134502922 0.4328512396694214 0.07949561403508772 0.5022956841138659 0.07858187134502922 0.547635445362718 0.08132309941520467 0.6578282828282829 0.07675438596491227 0.7112029384756656 0.07401315789473684 0.7370293847566574 0.07127192982456139 0.754247015610652 0.10782163742690058 0.7645775941230486 0.1197002923976608 0.7858126721763086 0.1553362573099415 0.8047520661157025 0.17909356725146197 0.8213957759412305 0.20467836257309938 0.8443526170798897 0.23574561403508767 0.8673094582185492 0.27229532163742687 0.8764921946740127 0.2841739766081871 0.8225436179981634 0.2814327485380117 0.7674471992653811 0.2805190058479532 0.655532598714417 0.28326023391812866 0.5355831037649218 0.27960526315789475 0.381198347107438 0.2786915204678363 0.19983930211202933 0.28508771929824556 0.04889807162534439 0.2832602339181286
2 0.39303546831955927 0.22983055783991233 0.40768390581955927 0.22205660635964916 0.41451984331955927 0.21117307428728074 0.41647296831955927 0.20184433251096492 0.40768390581955927 0.18474163925438597 0.39401203081955927 0.18163205866228072 0.39010578081955927 0.18785121984649122 0.3824035812672177 0.19599780701754385 0.37878787878787884 0.20120614035087722 0.37350421831955927 0.20495391310307018 0.36569171831955927 0.214282654879386 0.37057453081955927 0.22516618695175442 0.38619953081955927 0.22827576754385967 0.38815265581955927 0.23138534813596495
2 0.4692543004946155 0.11390386700059811 0.4760902379946155 0.11234907670454548 0.475034435261708 0.10279605263157894 0.4682777379946155 0.09058201255980865 0.4643714879946155 0.09058201255980865 0.456439393939394 0.09950657894736842 0.4536293004946155 0.10768470581638759 0.4565589879946155 0.11234907670454548
2 0.603515625 0.17258172286184212 0.6044921875 0.17102693256578946 0.6103515625 0.17102693256578946 0.611328125 0.16947214226973684 0.611328125 0.16636256167763158 0.61328125 0.16325298108552633 0.61328125 0.15081465871710525 0.6123046875 0.14925986842105263 0.6103515625 0.14925986842105263 0.6083984375 0.14615028782894737 0.5986328125 0.14615028782894737 0.5966796875 0.14304070723684212 0.5908203125 0.14304070723684212 0.5888671875 0.14615028782894737 0.5869140625 0.14615028782894737 0.5849609375 0.14925986842105263 0.5830078125 0.14925986842105263 0.58203125 0.15081465871710525 0.58203125 0.15392423930921054 0.580078125 0.1570338199013158 0.580078125 0.16325298108552633 0.58203125 0.16636256167763158 0.58203125 0.16947214226973684 0.5830078125 0.17102693256578946 0.5888671875 0.17102693256578946 0.5908203125 0.17413651315789475 0.6025390625 0.17413651315789475
2 0.679127437860005 0.2689094117573763 0.686939937860005 0.2626902505731658 0.686939937860005 0.2502519282047448 0.690846187860005 0.23781360583632372 0.687916500360005 0.23003965435606055 0.676197750360005 0.2269300737639553 0.668385250360005 0.2331492349481658 0.654713375360005 0.2362588155402711 0.647877437860005 0.24403276702053422 0.647877437860005 0.25336150879685004 0.656666500360005 0.2673546214613237
2 0.6432076446280992 0.1399268434758772 0.6471138946280992 0.1368172628837719 0.6471138946280992 0.12126935992324561 0.6383248321280992 0.10727624725877193 0.6266060821280992 0.10727624725877193 0.6168404571280992 0.11349540844298245 0.6070748321280992 0.11349540844298245 0.6031685821280992 0.11660498903508772 0.5969352617079889 0.12774122807017543 0.5969352617079889 0.13267543859649122 0.6031685821280992 0.13837205317982457 0.6148873321280992 0.13526247258771928 0.6266060821280992 0.14148163377192982
3 0.3671875 0.11733741091008773 0.3935546875 0.11267304002192984 0.3955078125 0.10956345942982458 0.4013671875 0.10956345942982458 0.40234375 0.10489908854166669 0.3583984375 0.10334429824561404 0.3564453125 0.10645387883771931 0.3466796875 0.10645387883771931 0.33984375 0.11111824972587721 0.3427734375 0.11889220120614037
3 0.5353822314049587 0.24226888020833331 0.5373353564049587 0.23604971902412278 0.5324525439049587 0.22827576754385964 0.5129212939049587 0.22827576754385964 0.5109681689049587 0.2313853481359649 0.5031556689049587 0.22827576754385964 0.4972962939049586 0.2313853481359649 0.4953431689049586 0.22827576754385964 0.4328431689049586 0.22516618695175436 0.4308900439049586 0.2220566063596491 0.4191712939049586 0.2220566063596491 0.4133119189049586 0.21894702576754385 0.4045228564049586 0.22983055783991227 0.4094056689049586 0.2407140899122807 0.4972962939049586 0.2407140899122807 0.4992494189049586 0.23760450932017543 0.5090150439049587 0.23760450932017543 0.5207337939049587 0.24382367050438594
3 0.48138881714876025 0.1945286800986842 0.5155685046487603 0.18986430921052633 0.5175216296487603 0.18675472861842105 0.547176308539945 0.18311403508771926 0.5341231921487604 0.17898077713815788 0.49213100464876025 0.17742598684210525 0.49017787964876025 0.18053556743421054 0.47650600464876025 0.18053556743421054 0.47552944214876025 0.19141909950657895
3 0.6512144425064337 0.139850248168672 0.6690848424660446 0.13864855036962326 0.6937602229683194 0.13553659539473684 0.6957133479683194 0.13242701480263158 0.6996195979683194 0.13553659539473684 0.7171977229683194 0.13553659539473684 0.7191508479683194 0.13242701480263158 0.7301259934860608 0.13174443044490056 0.7357524104683194 0.12776264391447367 0.7108127536496683 0.12846962503649875 0.7150486106663113 0.12655450518176187 0.7054789729683194 0.11998869243421052 0.7046026297515438 0.11788554643718104 0.701785409690193 0.11722276853976706 0.6999283540999237 0.11350427626648517 0.6996949687855629 0.1166354063997831 0.6931145401886526 0.11572876587067941 0.69309759814361 0.11787343587759375 0.6960337582762794 0.12204607413539935 0.6937465821955437 0.12672790637585274 0.6864863972608062 0.12702076172587287 0.6838997964656461 0.12475058228323564 0.6806185718237441 0.1250104088343813 0.6826457393764808 0.1275073860292898 0.6691259874325762 0.12789107057621465 0.6672208717553497 0.1255707974552845 0.6637709181750653 0.12579979712748068 0.6567444643107099 0.12674717317519618 0.6460384748679434 0.1289722132593717 0.6457570294666253 0.1370802329030681 0.6424329310780851 0.14072000653903258 0.6501381040122038 0.14118516212318105
3 0.6856715493759376 0.18464830187199582 0.7033597858752819 0.17594595731160287 0.7095076237266315 0.17580429049338042 0.7139581952324865 0.17103768433581595 0.6984769733752819 0.171281586423445 0.6789457233752819 0.171281586423445 0.672057406038225 0.16952276342744116 0.6688460241126205 0.1675839729335109 0.6584021177339806 0.16868713481591754 0.6447660358752819 0.16972679612739236 0.6447660358752819 0.17905553790370812 0.6454131012827335 0.18359853654776953 0.6480273625595957 0.18644947237061588 0.6513856907942421 0.18643405893114115 0.6523676378946638 0.18498629658047774 0.6594276300930829 0.1852191496125426 0.674083536322898 0.18302603736727907
2 0.6055817407024793 0.220775938870614 0.6055817407024793 0.2114471970942982 0.6026520532024793 0.20678282620614033 0.5967926782024793 0.20678282620614033 0.5930489524645278 0.21440623576140155 0.5944876931665645 0.22110439077228933 0.5983914017528528 0.22249927477379758 0.6006998806373266 0.22319502189727167
3 0.6040748423192663 0.21026900411929797 0.6081371690073699 0.2173917258888465 0.6185804145027305 0.21853068342106224 0.6212928904988751 0.21514940324729678 0.6204545565714954 0.21317826097056033 0.6142902738965834 0.21030798629673988 0.6141210102845791 0.20576995237931783 0.6175531227694968 0.20876225821730426 0.6235848688425563 0.20972071131919115 0.6282348276930899 0.21544939652587147 0.6344683061842299 0.21543753238491087 0.6356307958968633 0.21931541160174065 0.6342335726845635 0.22028233909002795 0.6292035691202844 0.21991624559753004 0.6281416794789366 0.2210619826388661 0.6332898482063132 0.22237297021501023 0.6431433324372058 0.2205865695618028 0.6445272487617695 0.22243737555165338 0.6486789977354602 0.22781352628407647 0.6619645944512706 0.22798216657344472 0.6724823585179538 0.23027194577883678 0.6672287992397067 0.23388542413997357 0.6557779562049619 0.23272443320311675 0.6454645859339064 0.231074470170956 0.6332632344308406 0.22877282682460337 0.6242039052600437 0.22796860755520404 0.6181689655339275 0.2265440632012943 0.6144802962534562 0.23042194241812408 0.6106702681568307 0.2358785998213511 0.6069815988763593 0.23498878924930755 0.6079098873648359 0.2263576267004852 0.6090617315672803 0.22412801563853613 0.6054289512153008 0.22128062180799676 0.6010137258644336 0.2219839958792312 0.6045011950023338 0.21975946944912234
2 0.421659779614325 0.17242324561403508 0.42407024793388426 0.17406798245614033 0.42648071625344347 0.1726973684210526 0.4290633608815426 0.1677631578947368 0.430957300275482 0.1672149122807017 0.43302341597796135 0.168859649122807 0.4344008264462809 0.16968201754385961 0.4333677685950413 0.16529605263157893 0.43130165289256195 0.16091008771929824 0.4294077134986225 0.15789473684210525 0.4269972451790633 0.15789473684210528 0.42493112947658396 0.15789473684210528 0.42389807162534426 0.1587171052631579 0.42269283746556463 0.1603618421052632 0.421659779614325 0.16282894736842107 0.42131542699724517 0.16447368421052633 0.421831955922865 0.16940789473684212
2 0.458984375 0.19434878700657895 0.4599609375 0.19279399671052633 0.4755859375 0.19279399671052633 0.4765625 0.18812962582236842 0.478515625 0.18502004523026316 0.478515625 0.17258172286184212 0.4765625 0.16947214226973684 0.4765625 0.16325298108552633 0.4716796875 0.15547902960526316 0.4697265625 0.15547902960526316 0.4677734375 0.15236944901315788 0.4638671875 0.15236944901315788 0.4619140625 0.15547902960526316 0.4560546875 0.15858861019736842 0.453125 0.16325298108552633 0.4501953125 0.17724609375 0.4404296875 0.17724609375 0.4384765625 0.18035567434210525 0.4345703125 0.18035567434210525 0.43359375 0.18191046463815788 0.43359375 0.18812962582236842 0.4345703125 0.18968441611842105 0.4404296875 0.18968441611842105 0.4423828125 0.19279399671052633 0.4521484375 0.19279399671052633 0.4541015625 0.19590357730263158 0.4580078125 0.19590357730263158
3 0.4331955922865012 0.1680372807017544 0.43543388429752045 0.16940789473684212 0.4385330578512395 0.17214912280701758 0.4421487603305783 0.171875 0.44610881542699726 0.17297149122807018 0.4485192837465563 0.17214912280701755 0.449552341597796 0.1737938596491228 0.44869146005509625 0.1757127192982456 0.44610881542699704 0.17708333333333337 0.4419765840220384 0.17900219298245612 0.43801652892561965 0.17982456140350878 0.433712121212121 0.18037280701754388 0.4306129476584021 0.18009868421052633 0.42906336088154257 0.17900219298245612 0.42889118457300257 0.17434210526315788 0.43009641873278226 0.17105263157894737 0.43009641873278226 0.1699561403508772 0.43009641873278226 0.16968201754385967 0.4319903581267216 0.16913377192982457
2 0.2756156181480856 0.1705267633369137 0.28046466520492497 0.17455469029717152 0.28383791533142183 0.17875044754744004 0.2903735874515095 0.1780791263873971 0.2927981109799292 0.1680093089867526 0.29543346264125486 0.1663310060866452 0.2991229549671108 0.16482053347654854 0.2978579861696744 0.16297440028643037 0.29596053297351993 0.15978562477622632 0.2919547984483049 0.15441505549588255 0.29016275931860336 0.15340807375581816 0.2891086186540731 0.15357590404582888 0.28731657952437173 0.1529045828857859 0.2859461966604823 0.1537437343358396 0.28373250126496874 0.15626118868600072 0.2814133918030022 0.15760383100608666 0.2781455557429583 0.15894647332617257 0.277091415078428 0.16028911564625853 0.2758264462809917 0.16179958825635518 0.2747723056164615 0.16347789115646258 0.27413982121774333 0.1663310060866452 0.27529937594872655 0.16935195130683853
3 0.2961081126665542 0.16663310060866446 0.2985326361949739 0.16646527031865374 0.3032762691853601 0.166297440028643 0.30749283184348114 0.1668009308986752 0.31234187890032045 0.16747225205871819 0.3169800978242536 0.16864706408879335 0.3213020745488278 0.17049319727891152 0.3247807387417776 0.17217150017901894 0.32984061393152303 0.17384980307912637 0.326151121605667 0.17519244539921228 0.3188775510204081 0.17536027568922302 0.3137122617642098 0.17586376655925526 0.30464665204924946 0.17619942713927672 0.29642435486591334 0.17536027568922302 0.29073199527744986 0.17435329394915855 0.2906265812109968 0.1733463122090941 0.29073199527744986 0.1716680093089867 0.291259065609715 0.1691505549588256 0.29389441727104065 0.1671365914786967
2 0.24005593973126435 0.2481091120658789 0.24237504919323094 0.24475250626566405 0.24342918985776119 0.24290637307554594 0.2474349243829763 0.24005325814536332 0.24859447911395957 0.2395497672753311 0.2528110417720807 0.23938193698532037 0.2593467138921684 0.23938193698532037 0.26271996401866526 0.23971759756534183 0.27020436273683013 0.24038891872538484 0.2713639174678135 0.24055674901539553 0.27716169112273004 0.24307420336555668 0.28053494124922695 0.24693430003580374 0.2841190195086299 0.2553258145363408 0.28527857423961317 0.25968940207662006 0.2846460898408949 0.2665704439670604 0.2785320739866194 0.27244450411743637 0.269571878338112 0.2758011099176512 0.2553409793669533 0.27143752237737195 0.2459591274526339 0.2689200680272108 0.24142632259515368 0.2658991228070175 0.24026676786417042 0.26271034729681336 0.24153173666160674 0.25801109917651266 0.24026676786417042 0.2531440207662012 0.23973969753190527 0.2496195846759756
0 0.00114784205693294 0.29605263157894735 0.04935720844811759 0.28326023391812877 0.9969008264462809 0.28600146198830423 1 0.9959795321637425 0 1
3 0.28580564457187824 0.25889500537056925 0.2922359026255129 0.2599019871106337 0.2959253949513689 0.26141245972073035 0.29940405914431883 0.2625872717508056 0.307942598527014 0.2652725563909774 0.3127916455838533 0.26644736842105265 0.3151107550458199 0.26745435016111707 0.30562348906504744 0.26829350161117077 0.2981390903468825 0.2696361439312567 0.29191966042615386 0.27148227712137485 0.2832757069770056 0.27517454350161114 0.2774779333220891 0.27618152524167555 0.2730505425310619 0.2765171858216971 0.2752642379265755 0.273328410311493 0.2800078709169618 0.26997180451127817 0.28369736324281775 0.2662795381310419 0.28538398830606615 0.2629229323308271
2 0.19111570247933884 0.1567982456140351 0.200068870523416 0.15241228070175436 0.20695592286501374 0.14473684210526316 0.21074380165289258 0.14035087719298248 0.2128099173553719 0.13377192982456143 0.20833333333333334 0.11732456140350879 0.203168044077135 0.10910087719298248 0.1993801652892562 0.10745614035087721 0.19834710743801653 0.10745614035087721 0.19593663911845732 0.10964912280701752 0.19077134986225897 0.12006578947368421 0.18698347107438015 0.12719298245614036 0.17975206611570246 0.13322368421052633 0.17803030303030304 0.13486842105263158 0.17596418732782365 0.14035087719298248 0.1787190082644628 0.1507675438596491 0.18422865013774103 0.1557017543859649
2 0.337890625 0.11039011101973684 0.337890625 0.10417094983552631 0.3349609375 0.09950657894736842 0.3310546875 0.09950657894736842 0.328125 0.088623046875 0.3232421875 0.08084909539473684 0.3212890625 0.08084909539473684 0.3125 0.09795178865131579 0.314453125 0.10417094983552631 0.3212890625 0.11194490131578948
3 0.6900356874530428 0.2609150717703349 0.7114012021036813 0.26465311004784686 0.7250187828700225 0.2627840909090909 0.7475582268970697 0.26465311004784686 0.7668106686701728 0.26652212918660284 0.7881761833208112 0.27026016746411485 0.8041416228399698 0.2732505980861244 0.8297332832456797 0.2769886363636363 0.8358377160030052 0.2784838516746411 0.8304376408715252 0.28595992822966504 0.8062546957175056 0.28558612440191383 0.7898196844477836 0.28633373205741625 0.7501408715251691 0.28409090909090906 0.7297145003756574 0.2807266746411483 0.7229057099924868 0.2807266746411483 0.7118707738542448 0.28110047846889946 0.6996619083395943 0.28371710526315785 0.6752441773102928 0.27624102870813394 0.6740702479338843 0.2751196172248804 0.6724267468069121 0.2695125598086124 0.673365890308039 0.26689593301435405 0.6780616078136739 0.2672697368421052 0.683461682945154 0.26689593301435405 0.6865138993238167 0.26390550239234445
2 0.64453125 0.18191046463815788 0.64453125 0.17880088404605263 0.646484375 0.17569130345394737 0.646484375 0.16636256167763158 0.6455078125 0.16480777138157895 0.6435546875 0.16480777138157895 0.6416015625 0.16169819078947367 0.6357421875 0.16169819078947367 0.6337890625 0.16480777138157895 0.6298828125 0.16480777138157895 0.626953125 0.16947214226973684 0.626953125 0.17569130345394737 0.6279296875 0.17724609375 0.6337890625 0.17724609375 0.6357421875 0.18035567434210525 0.6396484375 0.18035567434210525 0.6416015625 0.18346525493421054 0.6435546875 0.18346525493421054
3 0.6131198347107438 0.16748903508771928 0.6263774104683196 0.16885964912280702 0.6267217630853994 0.17132675438596492 0.6210399449035813 0.17516447368421054 0.6225895316804407 0.18037280701754385 0.6213842975206612 0.18229166666666666 0.6174242424242424 0.18311403508771928 0.6150137741046833 0.1833881578947368 0.6124311294765841 0.18311403508771926 0.612258953168044 0.18311403508771926 0.6119146005509642 0.18283991228070173 0.6113980716253444 0.18037280701754385 0.609504132231405 0.18037280701754385 0.6089876033057852 0.17790570175438594 0.609159779614325 0.17735745614035084 0.609159779614325 0.1765350877192982 0.609504132231405 0.17187499999999997 0.6100206611570248 0.1707785087719298
3 0.47520661157024785 0.10581140350877194 0.4777892561983471 0.10718201754385966 0.48433195592286504 0.1069078947368421 0.49173553719008267 0.10553728070175439 0.49655647382920104 0.10526315789473684 0.5001721763085399 0.10471491228070176 0.5067148760330578 0.10444078947368421 0.512741046831956 0.10444078947368421 0.5170454545454545 0.10389254385964913 0.521694214876033 0.10389254385964913 0.5261707988980716 0.10389254385964913 0.5280647382920111 0.10416666666666669 0.5285812672176308 0.10553728070175439 0.5270316804407714 0.10663377192982458 0.5225550964187328 0.10718201754385966 0.5179063360881543 0.10882675438596492 0.5118801652892562 0.11047149122807018 0.5010330578512396 0.11321271929824563 0.4956955922865014 0.11430921052631579 0.4872589531680441 0.11458333333333334 0.4839876033057851 0.11595394736842106 0.48536501377410474 0.11787280701754387 0.48605371900826444 0.11842105263157894 0.48278236914600553 0.12061403508771931 0.4819214876033058 0.12390350877192984 0.48054407713498626 0.12225877192982458 0.47899449035812675 0.11896929824561404 0.4772727272727273 0.11732456140350879 0.4764118457300276 0.11650219298245616 0.4762396694214876 0.11376096491228072