0 0.13946280991735543 0.2655075187969925 0.001475796930342343 0.26433270676691734 0 0 0.9998524203069659 0 1 0.28078007518797 0.9489374262101535 0.27725563909774453 0.7829102715466352 0.06461466165413539 0.2545749704840614 0.059915413533834685
1 0.1386019283746556 0.26589912280701755 0.17605027548209368 0.20010964912280702 0.21220730027548212 0.1336348684210526 0.2556818181818182 0.06716008771929827 0.33875688705234164 0.06990131578947369 0.3706095041322314 0.06578947368421058 0.39040977961432505 0.07195723684210531 0.4201101928374656 0.06921600877192989 0.47348484848484845 0.06990131578947373 0.5354683195592286 0.06990131578947373 0.6258608815426998 0.06921600877192989 0.6891356749311295 0.07264254385964915 0.7816804407713498 0.06647478070175442 0.8397899449035813 0.14048793859649125 0.8983298898071624 0.2145010964912281 0.9383608815426997 0.2652138157894737 0.9521349862258952 0.27549342105263147 0.8923037190082644 0.27069627192982465 0.7136707988980716 0.27480811403508776 0.4876893939393939 0.2734375
2 0.4627154827065282 0.21406830036164654 0.4695514202065282 0.20940392947348863 0.4763873577065282 0.1923012362169097 0.4744342327065282 0.17986291384848863 0.4636920452065282 0.1689793817761202 0.4539264202065282 0.1689793817761202 0.4500201702065282 0.1720889623682255 0.4314654827065282 0.1985203974011202 0.4314654827065282 0.20473955858533074 0.4343951702065282 0.20940392947348863 0.4441607952065282 0.20940392947348863 0.4480670452065282 0.21562309065769916
2 0.6561567331709344 0.16122869737676723 0.6649457956709344 0.1596739070807146 0.6678754831709344 0.1550095361925567 0.6678754831709344 0.1394616332320304 0.6629926706709344 0.13168768175176723 0.6434614206709344 0.13168768175176723 0.6366254831709344 0.1394616332320304 0.6376020456709344 0.15656432648860932 0.6473676706709344 0.16278348767281986
2 0.6865195013906406 0.12708687327612703 0.6953085638906406 0.1255320829800744 0.6962851263906406 0.11153897031560071 0.6855429388906406 0.0913266964669165 0.6816366888906406 0.0913266964669165 0.6757773138906406 0.09754585765112704 0.6562460638906406 0.1006554382432323 0.6455038763906406 0.11775813149981125 0.6484335638906406 0.12242250238796915 0.6542929388906406 0.12242250238796915 0.6562460638906406 0.1255320829800744 0.6621054388906406 0.12242250238796915 0.6738241888906406 0.12864166357217965
2 0.5101903140109969 0.18120998508350997 0.5267918765109969 0.17965519478745734 0.5355809390109968 0.16877166271508892 0.5355809390109968 0.15944292093877313 0.5287450015109969 0.14234022768219418 0.5170262515109969 0.13923064709008892 0.5101903140109969 0.14700459857035209 0.5072606265109969 0.16099771123482576 0.5033543765109969 0.164107291826931 0.4916356265109969 0.164107291826931 0.4887059390109969 0.16877166271508892 0.4916356265109969 0.17654561419535209 0.4974950015109969 0.17654561419535209 0.5053075015109969 0.1827647753795626
2 0.5181724267468069 0.09756279904306221 0.5234375 0.0979517886513158 0.5224091945284468 0.0883357092651685 0.517999902927011 0.0816081552482848 0.5152440956761136 0.07781090918326086 0.5128557293920025 0.07912188528552344 0.5043127269142207 0.08658069517380754 0.5016487799050199 0.09140698392505019 0.5016487799050199 0.09330824919069124 0.5031461307287753 0.09905801435406697 0.5097201352366642 0.097188995215311
3 0.5954869600899094 0.22923032312935016 0.5984166475899094 0.22767553283329753 0.5993932100899094 0.22301116194513965 0.5886510225899094 0.21523721046487648 0.5183385225899094 0.21523721046487648 0.5163853975899094 0.21212762987277123 0.49294789758990937 0.21212762987277123 0.49099477258990937 0.20901804928066595 0.48122914758990937 0.20901804928066595 0.47927602258990937 0.2059084686885607 0.46951039758990937 0.2059084686885607 0.46267446008990937 0.21368242016882386 0.46267446008990937 0.21990158135303436 0.46560414758990937 0.22456595224119227 0.49294789758990937 0.22456595224119227 0.49490102258990937 0.22767553283329753 0.5124791475899094 0.22767553283329753 0.5144322725899094 0.22456595224119227 0.5222447725899094 0.22456595224119227 0.5241978975899094 0.22767553283329753 0.5593541475899094 0.22767553283329753 0.5613072725899094 0.22456595224119227 0.5691197725899094 0.22456595224119227 0.5749791475899094 0.23078511342540278
2 0.6995596508037307 0.1730598616111161 0.7031951735029394 0.15703381990131576 0.6986019048696562 0.15052207411914034 0.6889926376531627 0.15249613410758808 0.6848933886893783 0.1531730602122919 0.6823281458739817 0.16088588905849097 0.6850337356952573 0.1671385106328145
3 0.6978903500626294 0.11689568735565042 0.7174128347992756 0.11405834821617217 0.7189023022492008 0.1159142178419944 0.7372871377253899 0.11580318290711615 0.7445289882448846 0.11527973249983296 0.7465857236073858 0.1103832901483714 0.7420008787772021 0.10653176584478195 0.7423246760489249 0.10403347981002123 0.7480882674855923 0.10495050940611395 0.7502900889333081 0.1030767948800434 0.7512608580614156 0.10636025652572893 0.759700135799224 0.11287067096631369 0.767665548683607 0.11390071826397893 0.7611273345430488 0.11689073043891478 0.7853766367597881 0.11609068407778307 0.7749808762763004 0.12124092056610924 0.7602051350056995 0.1233991621128053 0.7535361565823301 0.126489304005801 0.7489594066839391 0.12190911294207303 0.7448864106179018 0.12478214188204785 0.718016841248451 0.12740732498524085 0.6968984095744475 0.1286306920355959 0.6880799154164867 0.12790202527545738 0.6968224417530049 0.12696318524572783
3 0.6679710125478975 0.15544610863885663 0.6834447860138856 0.15710766712864194 0.6822025253271796 0.16174734119319756 0.677887303994411 0.1632938992147161 0.6778175630435783 0.17030496224560013 0.6701024703577195 0.17225104775601097 0.6677331460905934 0.1686969384565597 0.6649217140101532 0.16869495568986545 0.6674473327295918 0.16598847915220802 0.6638513149522847 0.1654680028949662 0.666686409141043 0.16192182466229196 0.6645941806160643 0.16004811013622142
3 0.7026699686175992 0.1567505269025978 0.7174438418270171 0.15881161288127538 0.7198374508895224 0.15503146817867913 0.7243706126936428 0.1587432074303236 0.7417261464579898 0.16037898995308358 0.7601894405038655 0.16179171122273994 0.7584888821402593 0.16653151500535546 0.7328684230151857 0.16578302057827435 0.7518952488512715 0.16855988533357782 0.7446390765293738 0.1730964555300322 0.7341984825774935 0.17225080553493263 0.7274641220127185 0.1737973635564512 0.7161081780811602 0.17461822896787257 0.7021114183238772 0.17186119187951163 0.7030329951741654 0.16210895389382068 0.7006792380835645 0.15544685780112544
0 0.0014757969303424016 0.2631578947368421 0.9969008264462812 0.27608082706766923 1 0.9950657894736846 0 0.9974154135338346
3 0.7505677128904905 0.24499002749993312 0.7521493380254446 0.24847573134843257 0.7680689554271127 0.24897637993873184 0.7700702716411845 0.2514508727731615 0.8009929110907206 0.2512684582372901 0.803397105833263 0.25091056884897717 0.8051456111005666 0.2527664384747994 0.8457360898592748 0.255334121343859 0.8520818936979826 0.25718999096968126 0.8695669463710186 0.26047345261536675 0.8920801970616743 0.2642813560516826 0.8980380668613757 0.26531140334934783 0.8993886750966966 0.2698132751286528 0.8974925929959348 0.2731125989078923 0.8813083335933392 0.2720538014931604 0.856748933220219 0.27171375700509576 0.8281128006586954 0.27253164826647575 0.8067284816096426 0.27189518015762004 0.7949528465989665 0.26876538293073926 0.7778943345627193 0.26656550328346384 0.7754527785965165 0.2691430999859947 0.7681959835875577 0.2685175370939574 0.7583892850637812 0.2648742032932647 0.7521779816302507 0.26868904641301045 0.7467531319547704 0.2692035743701695 0.7447262855711974 0.26597662157527024 0.7497775230100744 0.2658725263238219 0.7506193959165539 0.26410290704919975 0.7431658317963175 0.2644102358868092 0.7408774568471219 0.26139147359480663 0.7386544640393321 0.25814865866635334 0.7391725396740888 0.25346437235117697 0.746810419164383 0.2514865625736581
3 0.5338916809402657 0.16918468623524144 0.5520157986637075 0.167160523601793 0.5734099690111953 0.1670585101003725 0.5944191297252229 0.16742808532920284 0.606309463733764 0.1702200337891317 0.5968393508663612 0.17131265208066154 0.5932393702790434 0.17429073043791896 0.5805694620199779 0.1755005747705548 0.5669384348219095 0.17687954675028247 0.5561958229615813 0.1800392807284904 0.5419122465891373 0.1818379398324831 0.5305333852323464 0.18256903659266313 0.5256929429500701 0.18265673240967373 0.5284897428567824 0.17673726476145918
3 0.5267517425953188 0.09404180067296201 0.5411561614074618 0.09222882388455948 0.5514440684598058 0.09034694323993439 0.5659991187781785 0.09239437211054885 0.5761701177958367 0.09219929366046407 0.575798035493135 0.09470488843219509 0.5666511058946951 0.09563285335301122 0.5584012206393246 0.09823688220506023 0.5493206138682545 0.10000511622968183 0.536701852874364 0.1016838647267416 0.533320512794223 0.10372860903152924 0.5366523917827661 0.10670668738878668 0.5283901412544961 0.11126686987333714 0.5272688358256594 0.10431384438178358 0.5261475303968228 0.10271652771480505 0.5215442765310723 0.09754873849810983 0.5231809890166724 0.09350846692869355
2 0.6541993622532984 0.2071264445073295 0.6573746469126892 0.2077042030694141 0.6589169280329644 0.2083925482312727 0.6599148746402015 0.2103041165987948 0.6609128212474386 0.2105929958798371 0.663453048974951 0.2091485994746256 0.6650860525140662 0.2082819616314987 0.6680778546251978 0.20560305767370796 0.6669005008908608 0.2025043760106527 0.6659932767024636 0.19846006607606048 0.6637252162314702 0.19456019578198944 0.6629994368807525 0.1934046786578202 0.6591890952894837 0.1934046786578202 0.6561952554677726 0.1965823507492855 0.654017917415619 0.19961558320022968 0.6536550277402602 0.20105997960544117 0.6536550277402602 0.20337101385377956 0.6536550277402602 0.20625980666420257
3 0.6689289888126805 0.20431520880434131 0.6955869559294044 0.21196469125957632 0.7053512113268092 0.21122441876390843 0.7059711640504539 0.21344523625091213 0.7122845107322584 0.21369199374946812 0.7272045448352864 0.2166530837321397 0.7299943320916878 0.22035444621047925 0.7171303130760593 0.22084796120759115 0.7064361285931876 0.21862714372058745 0.6932621332157367 0.2166530837321397 0.6822579723710424 0.21344523625091213 0.6749735278682166 0.22060120370903522 0.6746635515063943 0.222081748700371 0.6731136696972825 0.22232850619892697 0.671098823345437 0.22183499120181502 0.6706338588027035 0.222081748700371 0.6698589178981476 0.22010768871192327 0.6698589178981476 0.21591281123647182 0.6698589178981476 0.21295172125380019 0.6685415183604025 0.21097766126535245 0.6608696034052988 0.21023738876968456 0.6690839769935917 0.20554899629712117
2 0.7120157031059903 0.23022474615271796 0.7183702185233488 0.22602986867726652 0.7220439227490092 0.22602986867726652 0.728356051490854 0.22584480055334952 0.7357288947854017 0.22060120370903522 0.7388286584036252 0.22060120370903522 0.7427033629264052 0.22060120370903522 0.7487479019819414 0.22553635368015454 0.7498328192483196 0.2289909586599381 0.7521576419619875 0.2366404411151731 0.751847665600165 0.2428093785790723 0.7479729610773854 0.24626398355885581 0.739293622946359 0.25144589102853115 0.7298393439107767 0.252679678521311 0.7231748521315956 0.25317319351842293 0.7179052539806153 0.2504588610343073 0.7158904076287699 0.2467574985559678 0.713565584915102 0.24305613607762824 0.7117057267441678 0.23861450110362084 0.7109307858396119 0.23565341112094923 0.7109307858396119 0.2307182611498299
2 0.4750956947917725 0.16001105584776032 0.4750956947917725 0.15837220890704765 0.4755679714481939 0.1555240139752836 0.47621863123800084 0.15047594637452316 0.47631220927518647 0.14913507160484918 0.4788388162792003 0.14511244729582728 0.4801489087998 0.144069544697192 0.48219081081432835 0.14207685580337093 0.48314340598974226 0.142728669927518 0.4843599204731563 0.14436751686823066 0.48619638945292554 0.1476452107496559 0.4886645101836983 0.15166783505867779 0.48875808822088396 0.15345566808490976 0.48894524429525527 0.15718032022289302 0.4910039611133406 0.16492759666989817 0.4867929494399843 0.16984413749203608 0.48267551580381374 0.16984413749203606 0.47631220927518647 0.16328874972918553 0.47462780460584403 0.16075598627535692
3 0.48950671251836947 0.15524350111114174 0.49165900737364043 0.15628640370977703 0.49708653353041077 0.1600110558477603 0.5011480396677945 0.1600110558477603 0.5033562620218524 0.1600110558477603 0.5079415858439513 0.1600110558477603 0.5079415858439513 0.16224584713055024 0.5079415858439513 0.16310251712228635 0.5021397475384383 0.1631397636436662 0.4983030480138248 0.16418266624230152 0.49418561437765424 0.1640336801567822 0.49175258541082617 0.16537455492645617 0.48941313448118373 0.15867018107808634 0.4895067125183694 0.1555414732821804
2 0.32733597407556037 0.14973101594692653 0.3344851899008644 0.1447370721975462 0.33959469694688643 0.14183475341440202 0.34305708432275717 0.13900401778953478 0.34539653525239955 0.1401959064736894 0.3473616740332991 0.14526143338134664 0.34848461047952745 0.14898608551932987 0.34848461047952745 0.15351910356663478 0.3465194716986278 0.15615545890805108 0.34539653525239944 0.15926612542016363 0.33828460442628666 0.1604580141043183 0.33164056378610235 0.16090497236087628 0.32602588155496065 0.1604580141043183
3 0.34895250066545586 0.1516678350586778 0.3760901314493074 0.15524350111114174 0.38226628190356327 0.15941511150568297 0.3855415132050626 0.15941511150568297 0.3815176576060777 0.16030902801879893 0.37730664593272145 0.16030902801879895 0.37215985388750816 0.16090497236087628 0.36495434502420976 0.16075598627535695 0.3551286511197117 0.16030902801879893 0.3507304833719841 0.16030902801879893 0.3457708474011423 0.15926612542016363 0.3460515815126994 0.1559884315387384 0.3481102983307846 0.15494552894010305 0.3488589226282702 0.1531576959138711
2 0.23384673178061602 0.13307416267942584 0.24464688204357624 0.1375598086124402 0.25262960180315547 0.13270035885167464 0.2570905334335086 0.12970992822966504 0.2617862509391435 0.1241028708133971 0.26436889556724263 0.12073863636363634 0.26225582268970693 0.11139354066985645 0.260377535687453 0.10653409090909093 0.25662096168294507 0.09681519138755978 0.2538035311795642 0.09494617224880382 0.24863824192336587 0.09345095693779906 0.24253380916604053 0.10242224880382776 0.23642937640871517 0.10952452153110048 0.23149887302779867 0.11700059808612441 0.22985537190082642 0.12186004784688996 0.23243801652892562 0.13270035885167464
2 0.3615702479338843 0.08560107655502393 0.362744177310293 0.09270334928229665 0.36931818181818177 0.09905801435406697 0.37213561232156267 0.10055322966507176 0.3803531179564237 0.09943181818181816 0.38598797896318554 0.10017942583732056 0.387396694214876 0.09905801435406696 0.3866923365890308 0.09457236842105261 0.3848140495867768 0.09046052631578946 0.38176183320811413 0.08410586124401913 0.37941397445529673 0.07999401913875595 0.3751878287002253 0.07363935406698563 0.37213561232156267 0.06728468899521531 0.37025732531930877 0.0654156698564593 0.36790946656649137 0.06578947368421052 0.36438767843726516 0.06990131578947369 0.36227460555972946 0.07401315789473684 0.3601615326821938 0.07887260765550239 0.3606311044327573 0.08223684210526316
3 0.38927498121712995 0.09232954545454541 0.4005447032306536 0.09307715311004784 0.4188580015026296 0.09008672248803824 0.43200601051840715 0.09046052631578945 0.44726709241172047 0.08971291866028706 0.4547802404207362 0.09083433014354066 0.4484410217881292 0.09457236842105263 0.4430409466566491 0.0949461722488038 0.44116265965439516 0.09681519138755978 0.4223797896318557 0.10130083732057417 0.4059447783621337 0.10429126794258373 0.40007513148009016 0.10578648325358851 0.39749248685199096 0.10802930622009568 0.39584898572501875 0.10877691387559807 0.3927967693463561 0.1080293062200957 0.38857062359128475 0.10503887559808614 0.387396694214876 0.10354366028708135 0.38575319308790373 0.09980562200956938 0.38434447783621334 0.09681519138755983