0 0.07575757575757573 0.2832602339181287 0 0.2832602339181287 0 0 0.9974747474747473 0 0.9986225895316803 0.293311403508772 0.8803948576675849 0.28051900584795325 0.7363406795224976 0.068530701754386 0.21062901744719917 0.07584064327485383 0.16069788797061518 0.13523391812865504
1 0.07841848234410215 0.28184808612440193 0.14979338842975207 0.159988038277512 0.15824567993989483 0.14503588516746416 0.16294139744552963 0.1315789473684211 0.1699849737039819 0.12260765550239244 0.17608940646130722 0.11737440191387556 0.202854996243426 0.08597488038277516 0.2624906085649887 0.07700358851674631 0.3761269722013523 0.07775119617224872 0.7367580766341097 0.07401315789473684 0.8250375657400449 0.20484449760765552 0.8799774605559729 0.2758672248803828 0.5315552216378662 0.2811004784688996
2 0.4673067574137093 0.18624226006191952 0.4715605250364609 0.18720975232198142 0.4765625 0.18502004523026316 0.4765625 0.16947214226973684 0.47265625 0.1570338199013158 0.4697265625 0.15236944901315788 0.4638671875 0.15236944901315788 0.4619140625 0.14925986842105263 0.453125 0.1570338199013158 0.451171875 0.16947214226973684 0.44140625 0.18502004523026316 0.443359375 0.18812962582236842 0.44603791929995135 0.1867260061919505 0.451507049100632 0.18769349845201244 0.46062226543509965 0.18430727554179568
2 0.625 0.14148591694078946 0.6279296875 0.13682154605263158 0.64453125 0.13215717516447367 0.64453125 0.11660927220394737 0.6318359375 0.09950657894736842 0.6142578125 0.10883532072368421 0.6064453125 0.10883532072368421 0.595703125 0.1228284333881579 0.595703125 0.12904759457236842 0.6025390625 0.13993112664473684
2 0.6098134776987035 0.16662268522468573 0.6117666026987035 0.16351310463258048 0.6117666026987035 0.14796520167205415 0.6088369151987035 0.14330083078389624 0.6029775401987035 0.14330083078389624 0.6010244151987035 0.140191250191791 0.5873525401987035 0.140191250191791 0.5805166026987035 0.14796520167205415 0.5785634776987035 0.15729394344836994 0.5814931651987035 0.16817747552073836
2 0.6484375 0.17880088404605263 0.6484375 0.16636256167763158 0.6435546875 0.15858861019736842 0.6337890625 0.15858861019736842 0.623046875 0.17258172286184212 0.6298828125 0.18035567434210525
2 0.681640625 0.25654039884868424 0.685546875 0.2534308182565789 0.69140625 0.23477333470394737 0.6865234375 0.22388980263157895 0.6748046875 0.22388980263157895 0.6650390625 0.23321854440789475 0.6494140625 0.236328125 0.638671875 0.2503212376644737 0.6455078125 0.2518760279605263 0.6494140625 0.25809518914473684 0.6533203125 0.2518760279605263 0.6552734375 0.2518760279605263 0.6572265625 0.25809518914473684
2 0.392578125 0.22544459292763158 0.4052734375 0.22078022203947367 0.4140625 0.20367752878289475 0.412109375 0.19123920641447367 0.4072265625 0.18346525493421054 0.3974609375 0.17724609375 0.3916015625 0.17724609375 0.3837890625 0.1865748355263158 0.369140625 0.21300627055921054 0.369140625 0.21922543174342105 0.3720703125 0.22388980263157895 0.3798828125 0.22388980263157895 0.3818359375 0.2269993832236842
2 0.28515625 0.17569130345394737 0.2900390625 0.17413651315789475 0.29296875 0.16947214226973684 0.29296875 0.1570338199013158 0.2900390625 0.15236944901315788 0.2822265625 0.15236944901315788 0.263671875 0.16947214226973684 0.2646484375 0.17413651315789475 0.2763671875 0.17413651315789475 0.2783203125 0.17724609375
2 0.1953125 0.147705078125 0.2021484375 0.14304070723684212 0.2080078125 0.14304070723684212 0.2109375 0.1383763363486842 0.2109375 0.1228284333881579 0.20703125 0.1134996916118421 0.2001953125 0.10572574013157894 0.1923828125 0.10572574013157894 0.17578125 0.12904759457236842 0.17578125 0.13215717516447367 0.1884765625 0.14925986842105263
0 0 0.28143274853801176 0.878099173553719 0.2832602339181286 0.9986225895316805 0.28417397660818705 1 1 0 1
3 0.2819640252795333 0.25977167182662536 0.28044482255712205 0.2679953560371517 0.2725449684005834 0.27621904024767796 0.2676835196888673 0.2796052631578947 0.22514584346135144 0.2791215170278638 0.225753524550316 0.2733165634674922 0.2300072921730676 0.26993034055727555 0.24003403014098204 0.2675116099071207 0.24519931939718037 0.2675116099071207 0.24854156538648517 0.2665441176470588
2 0.25 0.265869140625 0.2783203125 0.2612047697368421 0.2822265625 0.25809518914473684 0.283203125 0.2534308182565789 0.2802734375 0.2456568667763158 0.2724609375 0.23943770559210525 0.2509765625 0.236328125 0.240234375 0.24410207648026316 0.240234375 0.2596499794407895 0.2451171875 0.26742393092105265
3 0.359375 0.2783074629934211 0.3720703125 0.2705335115131579 0.3837890625 0.2549856085526316 0.3955078125 0.24876644736842105 0.40234375 0.23788291529605263 0.40234375 0.22855417351973684 0.3681640625 0.22388980263157895 0.353515625 0.24721165707236842 0.34765625 0.2720883018092105 0.3505859375 0.2798622532894737
3 0.265625 0.18812962582236842 0.2744140625 0.18346525493421054 0.27734375 0.17880088404605263 0.2744140625 0.17413651315789475 0.2705078125 0.17724609375 0.2646484375 0.1679173519736842 0.2578125 0.17569130345394737 0.255859375 0.18812962582236842
3 0.1640625 0.16325298108552633 0.1728515625 0.16169819078947367 0.1845703125 0.15547902960526316 0.1875 0.15081465871710525 0.1767578125 0.1274928042763158 0.1669921875 0.1274928042763158 0.15625 0.15081465871710525 0.154296875 0.16014340049342105 0.1591796875 0.16480777138157895
3 0.419921875 0.18502004523026316 0.4267578125 0.18035567434210525 0.431640625 0.16947214226973684 0.4228515625 0.17102693256578946 0.4208984375 0.16480777138157895 0.412109375 0.18191046463815788 0.4130859375 0.1865748355263158
2 0.4296875 0.17569130345394737 0.43359375 0.17258172286184212 0.43359375 0.16325298108552633 0.4287109375 0.15236944901315788 0.4248046875 0.15236944901315788 0.419921875 0.1570338199013158 0.419921875 0.16947214226973684 0.4267578125 0.17724609375
3 0.6527462091990854 0.15081544222176504 0.6527462091990854 0.14148670044544928 0.6459102716990854 0.13060316837308084 0.6302852716990854 0.13682232955729137 0.6254024591990854 0.14459628103755454 0.6322383966990854 0.14926065192571242 0.6420040216990854 0.14926065192571242 0.6439571466990854 0.1523702325178177
3 0.6100181990484912 0.20108271075227915 0.6207603865484912 0.19641833986412124 0.6236900740484912 0.19175396897596336 0.6197838240484912 0.1793156466075423 0.6109947615484912 0.16532253394306862 0.6051353865484912 0.16843211453517387 0.5787681990484912 0.1699869048312265 0.5914635115484912 0.19641833986412124 0.6031822615484912 0.20263750104833178
3 0.658203125 0.1974583675986842 0.65625 0.18812962582236842 0.6494140625 0.17724609375 0.6328125 0.18191046463815788 0.6337890625 0.1865748355263158 0.6435546875 0.19590357730263158 0.6494140625 0.19901315789473684
3 0.697265625 0.2783074629934211 0.697265625 0.265869140625 0.6904296875 0.25809518914473684 0.6572265625 0.2612047697368421 0.6552734375 0.26431435032894735 0.650390625 0.26275956003289475 0.650390625 0.265869140625 0.6611328125 0.2798622532894737
3 0.607421875 0.23477333470394737 0.6142578125 0.2269993832236842 0.619140625 0.2161158511513158 0.6083984375 0.21456106085526316 0.6025390625 0.20212273848684212 0.5966796875 0.20212273848684212 0.591796875 0.20989668996710525 0.59375 0.22544459292763158 0.6025390625 0.236328125
2 0.326171875 0.1134996916118421 0.3310546875 0.11194490131578948 0.3359375 0.10417094983552631 0.3359375 0.09795178865131579 0.3232421875 0.07773951480263158 0.3193359375 0.07773951480263158 0.310546875 0.09484220805921052 0.310546875 0.11039011101973684 0.3134765625 0.11505448190789473
3 0.44208799222168205 0.18720975232198142 0.44360719494409334 0.19543343653250767 0.44269567331064663 0.19785216718266246 0.4433033543996111 0.20317337461300308 0.4439110354885756 0.20752708978328174 0.4445187165775401 0.2099458204334365 0.4493801652892562 0.21284829721362233 0.452722411278561 0.21333204334365322 0.4557608167233836 0.21284829721362233 0.46062226543509965 0.2094620743034056 0.4636606708799222 0.20849458204334367 0.4691298006806028 0.20027089783281737 0.47307972775887214 0.19543343653250772 0.4749027710257657 0.19059597523219812 0.47459893048128343 0.18914473684210525 0.4739912493923189 0.18817724458204332 0.4727758872143899 0.18817724458204332 0.46973748176956737 0.18817724458204332 0.4654837141468158 0.1876934984520124 0.46092610597958195 0.18624226006191952 0.4560646572678658 0.1857585139318885 0.452722411278561 0.18575851393188855 0.44786096256684493 0.18672600619195048 0.4445187165775401 0.18720975232198142 0.44421487603305787 0.18720975232198142
3 0.3087019931939718 0.10884287925696594 0.2938138065143413 0.11706656346749222 0.2825717063684978 0.12093653250773995 0.2752795333009237 0.12432275541795657 0.2716334467671365 0.12916021671826622 0.2728488089450656 0.13254643962848292 0.28226786582401553 0.13206269349845198 0.28591395235780254 0.13157894736842105 0.2919907632474477 0.13061145510835911 0.298371414681575 0.12867647058823528 0.30535974720466696 0.12529024767801855 0.3099173553719008 0.1248065015479876 0.31751336898395727 0.1248065015479876 0.3287554691298007 0.12529024767801855 0.33240155566358776 0.12577399380804954 0.33392075838599905 0.1248065015479876 0.3354399611084103 0.12142027863777088 0.32997083130772975 0.11755030959752322 0.3251093825960136 0.11609907120743031 0.31812105007292174 0.11513157894736842 0.31508264462809915 0.11513157894736842
2 0.450487012987013 0.10338345864661655 0.45749704840613936 0.10632048872180452 0.4643226092089729 0.10690789473684215 0.47188606847697756 0.1074953007518797 0.4772358323494687 0.10632048872180452 0.47649793388429756 0.10250234962406014 0.4698568476977569 0.09486607142857142 0.4637691853600945 0.08517387218045114 0.45897284533648175 0.08840460526315791 0.45343860684769777 0.09633458646616544 0.45048701298701305 0.10103383458646618
3 0.45122491145218424 0.10543937969924813 0.44845779220779225 0.11131343984962407 0.4491956906729634 0.11395676691729324 0.4510404368358914 0.1192434210526316 0.4563902007083826 0.12041823308270683 0.46340023612750897 0.118656015037594 0.4720705430932704 0.11718750000000003 0.47834268004722547 0.11571898496240603 0.4792650531286895 0.10925751879699248 0.4746531877213696 0.1072015977443609 0.4665363046044865 0.1072015977443609 0.4582349468713105 0.1072015977443609