0 0.7410429939981998 0.0764912327451333 0.7641915542717367 0.11215131453053413 0.7845446202192131 0.14247167424979237 0.8063699439363553 0.16649184797666391 0.821121248613884 0.1935449152325382 0.8416610399370255 0.22594913864891528 0.8679767498516482 0.26281265886571115 0.8828734848698391 0.2806126852607164 0.8740617496453336 0.2821729430855615 0.8411608520645724 0.28300104322436254 0.7830268535601796 0.27979106558106276 0.7003783534261563 0.2802574167118612 0.6164295307601313 0.2806889004683944 0.5481886042806859 0.28081311548921456 0.49243072435448787 0.2841401033707913 0.4301883339874125 0.2795035781077917 0.3862773482889799 0.27986661060372314 0.3354844552355123 0.28041830565659553 0.2946149386368525 0.2827737290947655 0.25804549198739946 0.2806498460673865 0.21450795704029665 0.28150740314439016 0.20662557459660905 0.2772454658212025 0.1869291695590711 0.24621799491702462 0.15936423738733446 0.2087364529410781 0.12233700289292652 0.2039951659287631 0.1507298127320087 0.1588519108967418 0.1928999236447743 0.09998288840885135 0.23223222929139872 0.07000564312137547 0.2805767433417277 0.07511345182542543 0.33450980057607976 0.07825473068343576 0.3563032005606725 0.08165680382210376 0.40545198079407313 0.07963388602348977 0.46547089809996234 0.07635633628009071 0.5300837248148464 0.07485735654081578 0.5791956121040694 0.07606029952907394 0.6376694529078006 0.07822888620517245 0.6968206481666326 0.07648085967535968 0.7342596079180626 0.07618717242236688 0.7348410407183017 0 0 0 0 1 1 1 1 0 0.7347694338790803 0 0.7341843026596954 0.07631788528238942
1 0.12052341597796146 0.20833333333333334 0.21579430670339764 0.07035818713450291 0.2571166207529844 0.06944444444444448 0.29958677685950413 0.07766812865497079 0.33976124885215797 0.07766812865497079 0.3719008264462811 0.07766812865497079 0.41379706152433426 0.07858187134502928 0.4390495867768595 0.07949561403508776 0.508494031221304 0.07858187134502928 0.5538337924701562 0.08132309941520473 0.6640266299357209 0.07675438596491231 0.7174012855831038 0.07401315789473689 0.7432277318640955 0.07127192982456144 0.76044536271809 0.10782163742690064 0.7707759412304868 0.11970029239766085 0.7920110192837466 0.15533625730994155 0.8109504132231405 0.17909356725146203 0.8275941230486686 0.20467836257309943 0.8505509641873279 0.23574561403508773 0.8735078053259874 0.2722953216374269 0.8826905417814509 0.28417397660818716 0.8287419651056015 0.28143274853801176 0.7736455463728191 0.28051900584795325 0.661730945821855 0.2832602339181287 0.54178145087236 0.2796052631578948 0.3873966942148761 0.27869152046783635 0.2060376492194674 0.2850877192982456 0.05509641873278247 0.28326023391812866
2 0.390625 0.22544459292763158 0.4052734375 0.21767064144736842 0.412109375 0.206787109375 0.4140625 0.1974583675986842 0.4052734375 0.18035567434210525 0.3916015625 0.17724609375 0.3876953125 0.18346525493421054 0.3740234375 0.19279399671052633 0.37109375 0.20056794819078946 0.36328125 0.20989668996710525 0.3681640625 0.22078022203947367 0.3837890625 0.22388980263157895 0.3857421875 0.2269993832236842
2 0.455078125 0.19434878700657895 0.4599609375 0.18968441611842105 0.4765625 0.18812962582236842 0.4765625 0.16636256167763158 0.4716796875 0.15236944901315788 0.4599609375 0.14925986842105263 0.451171875 0.16014340049342105 0.4482421875 0.17413651315789475 0.4365234375 0.17724609375 0.43359375 0.18191046463815788 0.4345703125 0.1865748355263158 0.4384765625 0.1865748355263158 0.4482421875 0.19590357730263158
2 0.466796875 0.11039011101973684 0.4736328125 0.10883532072368421 0.474609375 0.10106136924342106 0.4658203125 0.08706825657894737 0.4619140625 0.08706825657894737 0.453125 0.09484220805921052 0.451171875 0.10417094983552631 0.4541015625 0.10883532072368421
2 0.59765625 0.16947214226973684 0.6083984375 0.1679173519736842 0.611328125 0.16325298108552633 0.611328125 0.147705078125 0.6083984375 0.14304070723684212 0.6044921875 0.13993112664473684 0.5869140625 0.13993112664473684 0.580078125 0.147705078125 0.578125 0.16014340049342105 0.5810546875 0.16480777138157895 0.5927734375 0.17102693256578946
2 0.677734375 0.265869140625 0.685546875 0.2596499794407895 0.685546875 0.24721165707236842 0.689453125 0.23477333470394737 0.6865234375 0.2269993832236842 0.6748046875 0.22388980263157895 0.6669921875 0.23010896381578946 0.6533203125 0.23321854440789475 0.646484375 0.24099249588815788 0.646484375 0.2503212376644737 0.6552734375 0.26431435032894735
2 0.64453125 0.17880088404605263 0.64453125 0.16325298108552633 0.6416015625 0.15858861019736842 0.6298828125 0.15858861019736842 0.623046875 0.16947214226973684 0.6240234375 0.17413651315789475 0.6357421875 0.18035567434210525
2 0.640625 0.13526675575657895 0.64453125 0.13215717516447367 0.64453125 0.11660927220394737 0.6357421875 0.10261615953947369 0.6240234375 0.10261615953947369 0.6142578125 0.10883532072368421 0.6044921875 0.10883532072368421 0.6005859375 0.11194490131578948 0.595703125 0.1228284333881579 0.595703125 0.12904759457236842 0.6005859375 0.13371196546052633 0.6123046875 0.13060238486842105 0.6240234375 0.13682154605263158
2 0.326171875 0.10728053042763158 0.328125 0.09173262746710527 0.326171875 0.08551346628289473 0.3193359375 0.07773951480263158 0.314453125 0.08240388569078948 0.310546875 0.09484220805921052 0.3125 0.10106136924342106 0.3193359375 0.10883532072368421
3 0.3671875 0.1134996916118421 0.3935546875 0.10883532072368421 0.3955078125 0.10572574013157894 0.4013671875 0.10572574013157894 0.40234375 0.10106136924342106 0.3583984375 0.09950657894736842 0.3564453125 0.10261615953947369 0.3466796875 0.10261615953947369 0.33984375 0.10728053042763158 0.3427734375 0.11505448190789473
3 0.53125 0.23788291529605263 0.533203125 0.23166375411184212 0.5283203125 0.22388980263157895 0.5087890625 0.22388980263157895 0.5068359375 0.2269993832236842 0.4990234375 0.22388980263157895 0.4931640625 0.2269993832236842 0.4912109375 0.22388980263157895 0.4287109375 0.22078022203947367 0.4267578125 0.21767064144736842 0.4150390625 0.21767064144736842 0.4091796875 0.21456106085526316 0.400390625 0.22544459292763158 0.4052734375 0.236328125 0.4931640625 0.236328125 0.4951171875 0.23321854440789475 0.5048828125 0.23321854440789475 0.5166015625 0.23943770559210525
3 0.482421875 0.19123920641447367 0.5166015625 0.1865748355263158 0.5185546875 0.18346525493421054 0.5322265625 0.18346525493421054 0.53515625 0.17569130345394737 0.4931640625 0.17413651315789475 0.4912109375 0.17724609375 0.4775390625 0.17724609375 0.4765625 0.18812962582236842
3 0.48828125 0.11039011101973684 0.5205078125 0.10572574013157894 0.52734375 0.10106136924342106 0.4990234375 0.09639699835526316 0.4892578125 0.10261615953947369 0.474609375 0.10417094983552631 0.4775390625 0.11194490131578948
3 0.6498370320381144 0.1349160376423562 0.6677074319977252 0.13371433984330747 0.6923828125 0.13060238486842105 0.6943359375 0.1274928042763158 0.6982421875 0.13060238486842105 0.7158203125 0.13060238486842105 0.7177734375 0.1274928042763158 0.7287485830177414 0.12681021991858477 0.734375 0.1228284333881579 0.7094353431813489 0.12353541451018298 0.7136712001979919 0.12162029465544606 0.7041015625 0.11505448190789473 0.7032252192832243 0.11295133591086524 0.7004079992218737 0.11228855801345128 0.6985509436316043 0.10857006574016938 0.6983175583172436 0.11170119587346732 0.6917371297203332 0.11079455534436362 0.6917201876752908 0.11293922535127796 0.69465634780796 0.11711186360908356 0.6923691717272243 0.12179369584953695 0.6851089867924869 0.1220865511995571 0.6825223859973267 0.11981637175691985 0.6792411613554247 0.12007619830806553 0.6812683289081614 0.122573175502974 0.6677485769642569 0.12295686004989886 0.6658434612870304 0.1206365869289687 0.662393507706746 0.12086558660116489 0.6553670538423906 0.12181296264888039 0.644661064399624 0.12403800273305592 0.644379618998306 0.1321460223767523 0.6410555206097658 0.1357857960127168 0.6487606935438844 0.13625095159686526
3 0.6854367635006556 0.18128406742223505 0.703125 0.17258172286184212 0.7092728378513496 0.17244005604361967 0.7137234093572046 0.16767344988605518 0.6982421875 0.1679173519736842 0.6787109375 0.1679173519736842 0.6718226201629431 0.16615852897768038 0.6686112382373386 0.16421973848375013 0.6581673318586987 0.16532290036615677 0.64453125 0.16636256167763158 0.64453125 0.17569130345394737 0.6451783154074516 0.18023430209800875 0.6477925766843138 0.1830852379208551 0.6511509049189602 0.18306982448138037 0.6521328520193819 0.181622062130717 0.659192844217801 0.18185491516278182 0.673848750447616 0.17966180291751832
2 0.603515625 0.2161158511513158 0.603515625 0.206787109375 0.6005859375 0.20212273848684212 0.5947265625 0.20212273848684212 0.5909828367620485 0.20974614804210334 0.5924215774640853 0.21644430305299106 0.5963252860503735 0.21783918705449934 0.5986337649348474 0.2185349341779734
3 0.603370484693421 0.20653096584178599 0.6074328113815246 0.21365368761133452 0.6178760568768852 0.2147926451435503 0.6205885328730298 0.2114113649697848 0.6197501989456501 0.20944022269304838 0.6135859162707381 0.20656994801922793 0.6134166526587338 0.20203191410180588 0.6168487651436515 0.20502421993979228 0.622880511216711 0.20598267304167917 0.6275304700672446 0.21171135824835952 0.6337639485583846 0.2116994941073989 0.6349264382710181 0.21557737332422866 0.6335292150587183 0.216544300812516 0.6284992114944391 0.21617820732001805 0.6274373218530913 0.21732394436135413 0.6325854905804679 0.21863493193749828 0.6424389748113605 0.21684853128429085 0.6438228911359242 0.2186993372741414 0.6479746401096149 0.2240754880065645 0.6612602368254253 0.22424412829593274 0.6717780008921085 0.22653390750132482 0.6665244416138614 0.23014738586246158 0.6550735985791166 0.2289863949256048 0.6447602283080611 0.22733643189344402 0.6325588768049953 0.22503478854709139 0.6234995476341983 0.22423056927769208 0.6174646079080822 0.22280602492378235 0.6137759386276109 0.2266839041406121 0.6099659105309855 0.23214056154383914 0.606277241250514 0.23125075097179557 0.6072055297389906 0.22261958842297322 0.608357373941435 0.22038997736102414 0.6047245935894556 0.2175425835304848 0.6003093682385883 0.21824595760171922 0.6037968373764885 0.21602143117161035
2 0.4195936639118457 0.16858552631578946 0.42148760330578505 0.16803728070175442 0.4238980716253444 0.1661184210526316 0.42699724517906334 0.16392543859649122 0.42889118457300274 0.16337719298245612 0.43095730027548207 0.16502192982456138 0.43233471074380164 0.165844298245614 0.431301652892562 0.16145833333333331 0.42923553719008267 0.15707236842105263 0.4273415977961432 0.15405701754385967 0.424931129476584 0.15405701754385967 0.4228650137741047 0.15405701754385967 0.421831955922865 0.15487938596491233 0.42062672176308535 0.15652412280701758 0.4195936639118457 0.15899122807017546 0.4192493112947659 0.16063596491228074 0.4197658402203857 0.16557017543859653
3 0.4330234159779614 0.16392543859649122 0.4352617079889806 0.16529605263157898 0.43836088154269975 0.16803728070175442 0.44197658402203854 0.16776315789473684 0.4455922865013774 0.16721491228070176 0.44834710743801653 0.1680372807017544 0.4493801652892562 0.16968201754385967 0.4485192837465564 0.17160087719298245 0.44593663911845727 0.1729714912280702 0.4418044077134986 0.17489035087719298 0.4378443526170799 0.1757127192982456 0.4335399449035812 0.17626096491228072 0.4304407713498623 0.17598684210526316 0.4288911845730028 0.17489035087719298 0.4287190082644628 0.17023026315789475 0.42992424242424243 0.1669407894736842 0.42992424242424243 0.16584429824561403 0.42992424242424243 0.1655701754385965 0.4318181818181818 0.1650219298245614
2 0.2735495024456063 0.16833378088077333 0.27839854950244564 0.17236170784103116 0.2817717996289425 0.17655746509129966 0.28830747174903015 0.1758861439312567 0.29073199527744986 0.1658163265306122 0.29336734693877553 0.16413802363050484 0.29705683926463144 0.16262755102040816 0.2957918704671951 0.16078141783029 0.2938944172710406 0.15759264232008596 0.2898886827458256 0.1522220730397422 0.288096643616124 0.15121509129967778 0.2870425029515938 0.15138292158968852 0.28525046382189234 0.15071160042964554 0.283880080958003 0.15155075187969924 0.2816663855624894 0.15406820622986034 0.2793472761005228 0.1554108485499463 0.27607944004047896 0.1567534908700322 0.27502529937594866 0.15809613319011814 0.27376033057851235 0.1596066058002148 0.2727061899139821 0.16128490870032222 0.272073705515264 0.1641380236305048 0.2732332602462472 0.16715896885069817
3 0.2961081126665542 0.16279538131041887 0.2985326361949739 0.16262755102040816 0.3032762691853601 0.1624597207303974 0.30749283184348114 0.16296321160042962 0.31234187890032045 0.1636345327604726 0.3169800978242536 0.16480934479054776 0.3213020745488278 0.16665547798066593 0.3247807387417776 0.16833378088077336 0.32984061393152303 0.17001208378088078 0.326151121605667 0.1713547261009667 0.3188775510204081 0.17152255639097744 0.3137122617642098 0.17202604726100967 0.30464665204924946 0.17236170784103114 0.29642435486591334 0.17152255639097744 0.29073199527744986 0.17051557465091297 0.2906265812109968 0.16950859291084852 0.29073199527744986 0.16783029001074112 0.291259065609715 0.16531283566058003 0.29389441727104065 0.1632988721804511
2 0.2397115871141845 0.24536788399570353 0.24203069657615112 0.24201127819548868 0.24308483724068136 0.24016514500537056 0.24709057176589647 0.23731203007518795 0.24825012649687972 0.2368085392051557 0.25246668915500087 0.236640708915145 0.2590023612750886 0.236640708915145 0.26237561140158544 0.23697636949516646 0.2698600101197503 0.23764769065520946 0.2710195648507337 0.23781552094522015 0.2768173385056502 0.2403329752953813 0.2801905886321471 0.24419307196562837 0.28377466689155 0.2525845864661654 0.2849342216225333 0.2569481740064447 0.2843017372238151 0.26382921589688507 0.27818772136953956 0.269703276047261 0.2692275257210322 0.2730598818474758 0.2549966267498735 0.26869629430719655 0.24561477483555405 0.2661788399570354 0.24108196997807385 0.2631578947368421 0.23992241524709057 0.259969119226638 0.24118738404452691 0.2552698711063373 0.23992241524709057 0.2504027926960258 0.23939534491482545 0.24687835660580024
3 0.2854612919547984 0.25560553168635874 0.2918915500084331 0.2566125134264232 0.29558104233428906 0.25812298603651984 0.299059706527239 0.25929779806659503 0.3075982459099342 0.2619830827067669 0.3124472929667735 0.2631578947368421 0.3147664024287401 0.26416487647690656 0.3052791364479676 0.26500402792696026 0.2977947377298027 0.26634667024704617 0.29157530780907404 0.26819280343716434 0.28293135435992584 0.2718850698174006 0.27713358070500926 0.27289205155746504 0.2727061899139821 0.2732277121374866 0.2749198853094957 0.2700389366272825 0.27966351829988195 0.26668233082706766 0.2833530106257379 0.2629900644468314 0.2850396356889864 0.2596334586466165