0 0.7410429939981998 0.0764912327451333 0.7641915542717367 0.11215131453053413 0.7845446202192131 0.14247167424979237 0.8063699439363553 0.16649184797666391 0.821121248613884 0.1935449152325382 0.8416610399370255 0.22594913864891528 0.8679767498516482 0.26281265886571115 0.8828734848698391 0.2806126852607164 0.8740617496453336 0.2821729430855615 0.8411608520645724 0.28300104322436254 0.7830268535601796 0.27979106558106276 0.7003783534261563 0.2802574167118612 0.6164295307601313 0.2806889004683944 0.5481886042806859 0.28081311548921456 0.49243072435448787 0.2841401033707913 0.4301883339874125 0.2795035781077917 0.3862773482889799 0.27986661060372314 0.3354844552355123 0.28041830565659553 0.2946149386368525 0.2827737290947655 0.25804549198739946 0.2806498460673865 0.21450795704029665 0.28150740314439016 0.20662557459660905 0.2772454658212025 0.1869291695590711 0.24621799491702462 0.15936423738733446 0.2087364529410781 0.12233700289292652 0.2039951659287631 0.1507298127320087 0.1588519108967418 0.1928999236447743 0.09998288840885135 0.23223222929139872 0.07000564312137547 0.2805767433417277 0.07511345182542543 0.33450980057607976 0.07825473068343576 0.3563032005606725 0.08165680382210376 0.40545198079407313 0.07963388602348977 0.46547089809996234 0.07635633628009071 0.5300837248148464 0.07485735654081578 0.5791956121040694 0.07606029952907394 0.6376694529078006 0.07822888620517245 0.6968206481666326 0.07648085967535968 0.7342596079180626 0.07618717242236688 0.7348410407183017 0 0 0 0 1 1 1 1 0 0.7347694338790803 0 0.7341843026596954 0.07631788528238942
1 0.12052341597796146 0.20833333333333334 0.21579430670339764 0.07035818713450291 0.2571166207529844 0.06944444444444448 0.29958677685950413 0.07766812865497079 0.33976124885215797 0.07766812865497079 0.3719008264462811 0.07766812865497079 0.41379706152433426 0.07858187134502928 0.4390495867768595 0.07949561403508776 0.508494031221304 0.07858187134502928 0.5538337924701562 0.08132309941520473 0.6640266299357209 0.07675438596491231 0.7174012855831038 0.07401315789473689 0.7432277318640955 0.07127192982456144 0.76044536271809 0.10782163742690064 0.7707759412304868 0.11970029239766085 0.7920110192837466 0.15533625730994155 0.8109504132231405 0.17909356725146203 0.8275941230486686 0.20467836257309943 0.8505509641873279 0.23574561403508773 0.8735078053259874 0.2722953216374269 0.8826905417814509 0.28417397660818716 0.8287419651056015 0.28143274853801176 0.7736455463728191 0.28051900584795325 0.661730945821855 0.2832602339181287 0.54178145087236 0.2796052631578948 0.3873966942148761 0.27869152046783635 0.2060376492194674 0.2850877192982456 0.05509641873278247 0.28326023391812866
2 0.39303546831955927 0.22983055783991233 0.40768390581955927 0.22205660635964916 0.41451984331955927 0.21117307428728074 0.41647296831955927 0.20184433251096492 0.40768390581955927 0.18474163925438597 0.39401203081955927 0.18163205866228072 0.39010578081955927 0.18785121984649122 0.37643390581955927 0.19717996162280702 0.37350421831955927 0.20495391310307018 0.36569171831955927 0.214282654879386 0.37057453081955927 0.22516618695175442 0.38619953081955927 0.22827576754385967 0.38815265581955927 0.23138534813596495
2 0.4554224776170799 0.19654176946271926 0.4603052901170799 0.19187739857456138 0.4769068526170799 0.19032260827850875 0.4769068526170799 0.1685555441337719 0.4720240401170799 0.1545624314692982 0.4603052901170799 0.15145285087719296 0.4515162276170799 0.16233638294956138 0.4485865401170799 0.17632949561403505 0.4368677901170799 0.17943907620614033 0.4339381026170799 0.1841034470942982 0.4349146651170799 0.18876781798245612 0.4388209151170799 0.18876781798245612 0.4485865401170799 0.1980965597587719
2 0.4692543004946155 0.11390386700059811 0.4760902379946155 0.11234907670454548 0.4770668004946155 0.10457512522428232 0.4682777379946155 0.09058201255980865 0.4643714879946155 0.09058201255980865 0.4555824254946155 0.0983559640400718 0.4536293004946155 0.10768470581638759 0.4565589879946155 0.11234907670454548
2 0.59765625 0.16947214226973684 0.6083984375 0.1679173519736842 0.611328125 0.16325298108552633 0.611328125 0.147705078125 0.6083984375 0.14304070723684212 0.6044921875 0.13993112664473684 0.5869140625 0.13993112664473684 0.580078125 0.147705078125 0.578125 0.16014340049342105 0.5810546875 0.16480777138157895 0.5927734375 0.17102693256578946
2 0.6810213772539445 0.2669905521082536 0.6888338772539445 0.26077139092404306 0.6888338772539445 0.248333068555622 0.6927401272539445 0.23589474618720097 0.6898104397539445 0.2281207947069378 0.6780916897539445 0.22501121411483255 0.6702791897539445 0.23123037529904308 0.6566073147539445 0.23433995589114834 0.6497713772539445 0.2421139073714115 0.6497713772539445 0.2514426491477273 0.6585604397539445 0.26543576181220097
2 0.6482438016528925 0.18316387559808608 0.6503568745304282 0.17194976076555019 0.642540706001127 0.1619528446471292 0.630821956001127 0.1619528446471292 0.623986018501127 0.17283637671949761 0.624962581001127 0.1775007476076555 0.636681331001127 0.18371990879186603
2 0.640625 0.13526675575657895 0.64453125 0.13215717516447367 0.64453125 0.11660927220394737 0.6357421875 0.10261615953947369 0.6240234375 0.10261615953947369 0.6142578125 0.10883532072368421 0.6044921875 0.10883532072368421 0.6005859375 0.11194490131578948 0.595703125 0.1228284333881579 0.595703125 0.12904759457236842 0.6005859375 0.13371196546052633 0.6123046875 0.13060238486842105 0.6240234375 0.13682154605263158
3 0.3671875 0.11733741091008773 0.3935546875 0.11267304002192984 0.3955078125 0.10956345942982458 0.4013671875 0.10956345942982458 0.40234375 0.10489908854166669 0.3583984375 0.10334429824561404 0.3564453125 0.10645387883771931 0.3466796875 0.10645387883771931 0.33984375 0.11111824972587721 0.3427734375 0.11889220120614037
3 0.5353822314049587 0.24226888020833331 0.5373353564049587 0.23604971902412278 0.5324525439049587 0.22827576754385964 0.5129212939049587 0.22827576754385964 0.5109681689049587 0.2313853481359649 0.5031556689049587 0.22827576754385964 0.4972962939049586 0.2313853481359649 0.4953431689049586 0.22827576754385964 0.4328431689049586 0.22516618695175436 0.4308900439049586 0.2220566063596491 0.4191712939049586 0.2220566063596491 0.4133119189049586 0.21894702576754385 0.4045228564049586 0.22983055783991227 0.4094056689049586 0.2407140899122807 0.4972962939049586 0.2407140899122807 0.4992494189049586 0.23760450932017543 0.5090150439049587 0.23760450932017543 0.5207337939049587 0.24382367050438594
3 0.48138881714876025 0.1945286800986842 0.5155685046487603 0.18986430921052633 0.5175216296487603 0.18675472861842105 0.547176308539945 0.18311403508771926 0.5341231921487604 0.17898077713815788 0.49213100464876025 0.17742598684210525 0.49017787964876025 0.18053556743421054 0.47650600464876025 0.18053556743421054 0.47552944214876025 0.19141909950657895
3 0.4879368973829201 0.11642081277412282 0.5201634598829201 0.11175644188596492 0.5269993973829201 0.10709207099780703 0.4986790848829201 0.10242770010964913 0.4889134598829201 0.10864686129385966 0.4742650223829201 0.11020165158991228 0.4771947098829201 0.11797560307017545
3 0.6498370320381144 0.1349160376423562 0.6677074319977252 0.13371433984330747 0.6923828125 0.13060238486842105 0.6943359375 0.1274928042763158 0.6982421875 0.13060238486842105 0.7158203125 0.13060238486842105 0.7177734375 0.1274928042763158 0.7287485830177414 0.12681021991858477 0.734375 0.1228284333881579 0.7094353431813489 0.12353541451018298 0.7136712001979919 0.12162029465544606 0.7041015625 0.11505448190789473 0.7032252192832243 0.11295133591086524 0.7004079992218737 0.11228855801345128 0.6985509436316043 0.10857006574016938 0.6983175583172436 0.11170119587346732 0.6917371297203332 0.11079455534436362 0.6917201876752908 0.11293922535127796 0.69465634780796 0.11711186360908356 0.6923691717272243 0.12179369584953695 0.6851089867924869 0.1220865511995571 0.6825223859973267 0.11981637175691985 0.6792411613554247 0.12007619830806553 0.6812683289081614 0.122573175502974 0.6677485769642569 0.12295686004989886 0.6658434612870304 0.1206365869289687 0.662393507706746 0.12086558660116489 0.6553670538423906 0.12181296264888039 0.644661064399624 0.12403800273305592 0.644379618998306 0.1321460223767523 0.6410555206097658 0.1357857960127168 0.6487606935438844 0.13625095159686526
3 0.6856715493759376 0.18464830187199582 0.7033597858752819 0.17594595731160287 0.7095076237266315 0.17580429049338042 0.7139581952324865 0.17103768433581595 0.6984769733752819 0.171281586423445 0.6789457233752819 0.171281586423445 0.672057406038225 0.16952276342744116 0.6688460241126205 0.1675839729335109 0.6584021177339806 0.16868713481591754 0.6447660358752819 0.16972679612739236 0.6447660358752819 0.17905553790370812 0.6454131012827335 0.18359853654776953 0.6480273625595957 0.18644947237061588 0.6513856907942421 0.18643405893114115 0.6523676378946638 0.18498629658047774 0.6594276300930829 0.1852191496125426 0.674083536322898 0.18302603736727907
2 0.603515625 0.2161158511513158 0.603515625 0.206787109375 0.6005859375 0.20212273848684212 0.5947265625 0.20212273848684212 0.5909828367620485 0.20974614804210334 0.5924215774640853 0.21644430305299106 0.5963252860503735 0.21783918705449934 0.5986337649348474 0.2185349341779734
3 0.6040748423192663 0.21026900411929797 0.6081371690073699 0.2173917258888465 0.6185804145027305 0.21853068342106224 0.6212928904988751 0.21514940324729678 0.6204545565714954 0.21317826097056033 0.6142902738965834 0.21030798629673988 0.6141210102845791 0.20576995237931783 0.6175531227694968 0.20876225821730426 0.6235848688425563 0.20972071131919115 0.6282348276930899 0.21544939652587147 0.6344683061842299 0.21543753238491087 0.6356307958968633 0.21931541160174065 0.6342335726845635 0.22028233909002795 0.6292035691202844 0.21991624559753004 0.6281416794789366 0.2210619826388661 0.6332898482063132 0.22237297021501023 0.6431433324372058 0.2205865695618028 0.6445272487617695 0.22243737555165338 0.6486789977354602 0.22781352628407647 0.6619645944512706 0.22798216657344472 0.6724823585179538 0.23027194577883678 0.6672287992397067 0.23388542413997357 0.6557779562049619 0.23272443320311675 0.6454645859339064 0.231074470170956 0.6332632344308406 0.22877282682460337 0.6242039052600437 0.22796860755520404 0.6181689655339275 0.2265440632012943 0.6144802962534562 0.23042194241812408 0.6106702681568307 0.2358785998213511 0.6069815988763593 0.23498878924930755 0.6079098873648359 0.2263576267004852 0.6090617315672803 0.22412801563853613 0.6054289512153008 0.22128062180799676 0.6010137258644336 0.2219839958792312 0.6045011950023338 0.21975946944912234
2 0.421659779614325 0.17242324561403508 0.42355371900826433 0.17187500000000003 0.42596418732782365 0.16995614035087722 0.4290633608815426 0.1677631578947368 0.430957300275482 0.1672149122807017 0.43302341597796135 0.168859649122807 0.4344008264462809 0.16968201754385961 0.4333677685950413 0.16529605263157893 0.43130165289256195 0.16091008771929824 0.4294077134986225 0.15789473684210525 0.4269972451790633 0.15789473684210528 0.42493112947658396 0.15789473684210528 0.42389807162534426 0.1587171052631579 0.42269283746556463 0.1603618421052632 0.421659779614325 0.16282894736842107 0.42131542699724517 0.16447368421052633 0.421831955922865 0.16940789473684212
3 0.43371212121212105 0.1655701754385965 0.4359504132231403 0.16694078947368424 0.43904958677685946 0.16968201754385967 0.44266528925619825 0.16940789473684212 0.4462809917355371 0.16885964912280702 0.44903581267217624 0.16968201754385967 0.4500688705234159 0.17132675438596492 0.4492079889807161 0.1732456140350877 0.4466253443526169 0.17461622807017546 0.44249311294765825 0.17653508771929824 0.4385330578512395 0.17735745614035087 0.4342286501377409 0.17790570175438597 0.43112947658402195 0.17763157894736842 0.42957988980716244 0.17653508771929824 0.4294077134986225 0.171875 0.43061294765840213 0.16858552631578946 0.43061294765840213 0.16748903508771928 0.43061294765840213 0.16721491228070176 0.4325068870523415 0.16666666666666666
2 0.2756156181480856 0.1705267633369137 0.28046466520492497 0.17455469029717152 0.28383791533142183 0.17875044754744004 0.2903735874515095 0.1780791263873971 0.2927981109799292 0.1680093089867526 0.29543346264125486 0.1663310060866452 0.2991229549671108 0.16482053347654854 0.2978579861696744 0.16297440028643037 0.29596053297351993 0.15978562477622632 0.2919547984483049 0.15441505549588255 0.29016275931860336 0.15340807375581816 0.2891086186540731 0.15357590404582888 0.28731657952437173 0.1529045828857859 0.2859461966604823 0.1537437343358396 0.28373250126496874 0.15626118868600072 0.2814133918030022 0.15760383100608666 0.2781455557429583 0.15894647332617257 0.277091415078428 0.16028911564625853 0.2758264462809917 0.16179958825635518 0.2747723056164615 0.16347789115646258 0.27413982121774333 0.1663310060866452 0.27529937594872655 0.16935195130683853
3 0.2961081126665542 0.16663310060866446 0.2985326361949739 0.16646527031865374 0.3032762691853601 0.166297440028643 0.30749283184348114 0.1668009308986752 0.31234187890032045 0.16747225205871819 0.3169800978242536 0.16864706408879335 0.3213020745488278 0.17049319727891152 0.3247807387417776 0.17217150017901894 0.32984061393152303 0.17384980307912637 0.326151121605667 0.17519244539921228 0.3188775510204081 0.17536027568922302 0.3137122617642098 0.17586376655925526 0.30464665204924946 0.17619942713927672 0.29642435486591334 0.17536027568922302 0.29073199527744986 0.17435329394915855 0.2906265812109968 0.1733463122090941 0.29073199527744986 0.1716680093089867 0.291259065609715 0.1691505549588256 0.29389441727104065 0.1671365914786967
2 0.24005593973126435 0.2481091120658789 0.24237504919323094 0.24475250626566405 0.24342918985776119 0.24290637307554594 0.2474349243829763 0.24005325814536332 0.24859447911395957 0.2395497672753311 0.2528110417720807 0.23938193698532037 0.2593467138921684 0.23938193698532037 0.26271996401866526 0.23971759756534183 0.27020436273683013 0.24038891872538484 0.2713639174678135 0.24055674901539553 0.27716169112273004 0.24307420336555668 0.28053494124922695 0.24693430003580374 0.2841190195086299 0.2553258145363408 0.28527857423961317 0.25968940207662006 0.2846460898408949 0.2665704439670604 0.2785320739866194 0.27244450411743637 0.269571878338112 0.2758011099176512 0.2553409793669533 0.27143752237737195 0.2459591274526339 0.2689200680272108 0.24142632259515368 0.2658991228070175 0.24026676786417042 0.26271034729681336 0.24153173666160674 0.25801109917651266 0.24026676786417042 0.2531440207662012 0.23973969753190527 0.2496195846759756
3 0.28580564457187824 0.25889500537056925 0.2922359026255129 0.2599019871106337 0.2959253949513689 0.26141245972073035 0.29940405914431883 0.2625872717508056 0.307942598527014 0.2652725563909774 0.3127916455838533 0.26644736842105265 0.3151107550458199 0.26745435016111707 0.30562348906504744 0.26829350161117077 0.2981390903468825 0.2696361439312567 0.29191966042615386 0.27148227712137485 0.2832757069770056 0.27517454350161114 0.2774779333220891 0.27618152524167555 0.2730505425310619 0.2765171858216971 0.2752642379265755 0.273328410311493 0.2800078709169618 0.26997180451127817 0.28369736324281775 0.2662795381310419 0.28538398830606615 0.2629229323308271
2 0.19111570247933884 0.1567982456140351 0.200068870523416 0.15241228070175436 0.20695592286501374 0.14473684210526316 0.21074380165289258 0.14035087719298248 0.2128099173553719 0.13377192982456143 0.20833333333333334 0.11732456140350879 0.203168044077135 0.10910087719298248 0.1993801652892562 0.10745614035087721 0.19834710743801653 0.10745614035087721 0.19593663911845732 0.10964912280701752 0.19077134986225897 0.12006578947368421 0.18698347107438015 0.12719298245614036 0.17975206611570246 0.13322368421052633 0.17803030303030304 0.13486842105263158 0.17596418732782365 0.14035087719298248 0.1787190082644628 0.1507675438596491 0.18422865013774103 0.1557017543859649
2 0.337890625 0.11039011101973684 0.337890625 0.10417094983552631 0.3349609375 0.09950657894736842 0.3310546875 0.09950657894736842 0.328125 0.088623046875 0.3232421875 0.08084909539473684 0.3212890625 0.08084909539473684 0.3125 0.09795178865131579 0.314453125 0.10417094983552631 0.3212890625 0.11194490131578948
3 0.6900356874530428 0.2609150717703349 0.7114012021036813 0.26465311004784686 0.7250187828700225 0.2627840909090909 0.7475582268970697 0.26465311004784686 0.7668106686701728 0.26652212918660284 0.7881761833208112 0.27026016746411485 0.8041416228399698 0.2732505980861244 0.8297332832456797 0.2769886363636363 0.8358377160030052 0.2784838516746411 0.8304376408715252 0.28595992822966504 0.8062546957175056 0.28558612440191383 0.7898196844477836 0.28633373205741625 0.7501408715251691 0.28409090909090906 0.7297145003756574 0.2807266746411483 0.7229057099924868 0.2807266746411483 0.7118707738542448 0.28110047846889946 0.6996619083395943 0.28371710526315785 0.6752441773102928 0.27624102870813394 0.6740702479338843 0.2751196172248804 0.6724267468069121 0.2695125598086124 0.673365890308039 0.26689593301435405 0.6780616078136739 0.2672697368421052 0.683461682945154 0.26689593301435405 0.6865138993238167 0.26390550239234445