0 0.230372 0.455181 0.018595 0.017270
0 0.281250 0.490954 0.028409 0.050987
0 0.315857 0.724918 0.037707 0.051809
0 0.311467 0.600740 0.034091 0.030428
0 0.406767 0.576891 0.034607 0.045230
0 0.452221 0.413240 0.039773 0.028783
0 0.534866 0.686678 0.052169 0.082237
0 0.612862 0.425987 0.030475 0.018092
0 0.732438 0.566612 0.025826 0.031250
0 0.776601 0.483553 0.037707 0.031250
0 0.967717 0.403783 0.032541 0.016447
0 0.848399 0.345395 0.023244 0.011513
0 0.347882 0.344572 0.020145 0.026316
0 0.731405 0.564967 0.025826 0.031250
0 0.692665 0.365543 0.026860 0.017270
0 0.733729 0.435444 0.026343 0.017270
0 0.404959 0.353207 0.028926 0.018914
0 0.614153 0.312911 0.029959 0.043586
0 0.923295 0.654605 0.021178 0.031250
0 0.977014 0.485609 0.018079 0.022204
1 0.230114 0.571957 0.099690 0.129112
1 0.216942 0.476151 0.029959 0.026316
1 0.285899 0.814967 0.082128 0.139803
1 0.293905 0.641447 0.046488 0.065789
1 0.405217 0.602796 0.031508 0.039474
1 0.534607 0.754934 0.051653 0.087171
1 0.337035 0.363898 0.032541 0.022204
1 0.401601 0.365543 0.021178 0.013980
1 0.447314 0.439556 0.038223 0.027138
1 0.612087 0.453536 0.029959 0.028783
1 0.614928 0.337171 0.034607 0.014803
1 0.738120 0.605263 0.026860 0.047697
1 0.697056 0.381168 0.019112 0.009046
1 0.790548 0.537007 0.056302 0.082237
1 0.737087 0.451891 0.020661 0.010691
1 0.854597 0.360197 0.030475 0.016447
1 0.970558 0.425164 0.034091 0.023026
1 0.983729 0.508635 0.032541 0.025493
1 0.933110 0.686678 0.042872 0.041118
