0 0.151085 0.468339 0.017045 0.015625
0 0.194731 0.504112 0.029959 0.047697
0 0.220300 0.607730 0.018079 0.024671
0 0.200930 0.733964 0.034091 0.045230
0 0.316632 0.578947 0.022727 0.029605
0 0.280733 0.354852 0.014979 0.028783
0 0.336260 0.366776 0.025826 0.018092
0 0.379132 0.423931 0.033058 0.027138
0 0.530217 0.440378 0.031508 0.023849
0 0.546229 0.323191 0.030475 0.041118
0 0.635589 0.574836 0.024277 0.023026
0 0.686467 0.499589 0.029959 0.040296
0 0.654442 0.446135 0.025826 0.020559
0 0.619576 0.377878 0.020145 0.018914
0 0.777376 0.359375 0.017562 0.016447
0 0.930785 0.710115 0.035124 0.043586
0 0.927944 0.585115 0.048037 0.046875
0 0.886622 0.417352 0.025310 0.018914
0 0.892045 0.502467 0.020661 0.021382
0 0.423037 0.686266 0.050620 0.060033
1 0.139721 0.486842 0.038740 0.019737
1 0.161674 0.819490 0.089876 0.132401
1 0.191890 0.647204 0.052169 0.085526
1 0.138688 0.584293 0.106921 0.122533
1 0.262655 0.374589 0.025310 0.032072
1 0.330062 0.377878 0.019628 0.015625
1 0.363895 0.451069 0.040806 0.030428
1 0.304494 0.613487 0.041839 0.046053
1 0.418130 0.756579 0.049070 0.085526
1 0.528409 0.465872 0.033058 0.037007
1 0.542097 0.344161 0.032541 0.012336
1 0.639463 0.615132 0.032025 0.057566
1 0.622159 0.391859 0.017045 0.010691
1 0.654959 0.464638 0.017562 0.013158
1 0.694990 0.556332 0.060434 0.083059
1 0.782025 0.375000 0.023760 0.013158
1 0.894370 0.435033 0.025310 0.026316
1 0.905475 0.520559 0.044421 0.037829
1 0.961002 0.782072 0.077996 0.110197
1 0.955062 0.659128 0.089876 0.101151
