0 0.229339 0.458470 0.021694 0.025493
0 0.313533 0.723273 0.036157 0.045230
0 0.310950 0.597862 0.030992 0.031250
0 0.279442 0.494655 0.027893 0.053454
0 0.349690 0.341694 0.016529 0.023849
0 0.451446 0.412007 0.040289 0.027961
0 0.411415 0.566201 0.029442 0.028783
0 0.537707 0.673520 0.056818 0.049342
0 0.610537 0.427220 0.023760 0.023849
0 0.614411 0.305099 0.029442 0.032895
0 0.692924 0.364309 0.021178 0.018092
0 0.731663 0.563322 0.025310 0.026316
0 0.743027 0.430510 0.018079 0.015625
0 0.771952 0.487253 0.038740 0.038651
0 0.844525 0.349095 0.023760 0.018914
0 0.959711 0.407895 0.018595 0.018092
0 0.922262 0.651316 0.027376 0.023026
0 0.978564 0.491776 0.022211 0.023026
0 0.407541 0.351562 0.018595 0.015625
1 0.325930 0.687500 0.033058 0.082237
1 0.318957 0.571135 0.034607 0.040296
1 0.290806 0.456826 0.028926 0.056743
1 0.233729 0.441612 0.018079 0.024671
1 0.356147 0.325247 0.019112 0.032072
1 0.408574 0.344572 0.021694 0.013158
1 0.454287 0.391859 0.044938 0.048520
1 0.420713 0.547697 0.033574 0.041118
1 0.550103 0.633224 0.048554 0.082237
1 0.618027 0.412418 0.029442 0.040296
1 0.615702 0.283717 0.027893 0.032895
1 0.698089 0.352796 0.019112 0.016447
1 0.747934 0.418586 0.029959 0.018092
1 0.778926 0.462582 0.043388 0.069901
1 0.737087 0.544408 0.036157 0.041118
1 0.846591 0.332237 0.023760 0.018092
1 0.966167 0.392681 0.027376 0.012336
1 0.920455 0.634457 0.044421 0.030428
1 0.977789 0.471628 0.019628 0.018914
