0 0.288740 0.495066 0.044421 0.060855
0 0.349690 0.344984 0.015496 0.032072
0 0.310434 0.598273 0.028926 0.027138
0 0.315599 0.725329 0.029959 0.050987
0 0.412190 0.568668 0.022727 0.033717
0 0.450155 0.411595 0.038740 0.025493
0 0.538740 0.671464 0.050620 0.055099
0 0.610021 0.428043 0.026860 0.025493
0 0.615186 0.304688 0.030992 0.033717
0 0.692924 0.365543 0.022211 0.020559
0 0.731405 0.560855 0.023760 0.029605
0 0.773244 0.484786 0.034091 0.040296
0 0.846333 0.346628 0.025310 0.022204
0 0.919163 0.651727 0.017045 0.022204
0 0.956870 0.405428 0.019112 0.023026
0 0.978306 0.487664 0.024793 0.026316
0 0.742252 0.430099 0.015496 0.016447
0 0.397211 0.357319 0.037190 0.022204
