0 0.229339 0.458470 0.021694 0.025493
0 0.313533 0.723273 0.036157 0.045230
0 0.310950 0.597862 0.030992 0.031250
0 0.279442 0.494655 0.027893 0.053454
0 0.349690 0.341694 0.016529 0.023849
0 0.451446 0.412007 0.040289 0.027961
0 0.411415 0.566201 0.029442 0.028783
0 0.537707 0.673520 0.056818 0.049342
0 0.610537 0.427220 0.023760 0.023849
0 0.614411 0.305099 0.029442 0.032895
0 0.692924 0.364309 0.021178 0.018092
0 0.731663 0.563322 0.025310 0.026316
0 0.743027 0.430510 0.018079 0.015625
0 0.771952 0.487253 0.038740 0.038651
0 0.844525 0.349095 0.023760 0.018914
0 0.959711 0.407895 0.018595 0.018092
0 0.922262 0.651316 0.027376 0.023026
0 0.978564 0.491776 0.022211 0.023026
