0 0.229597 0.457648 0.013946 0.028783
0 0.281250 0.489720 0.028409 0.050164
0 0.311725 0.596628 0.030475 0.025493
0 0.318182 0.721628 0.027893 0.046875
0 0.348915 0.341283 0.012913 0.027961
0 0.411674 0.568257 0.022727 0.023026
0 0.451963 0.409951 0.043388 0.028783
0 0.539256 0.671053 0.053719 0.047697
0 0.611312 0.425987 0.028409 0.024671
0 0.614669 0.304276 0.029959 0.034539
0 0.696023 0.365132 0.018079 0.018092
0 0.732696 0.562089 0.022211 0.022204
0 0.772986 0.486020 0.036674 0.039474
0 0.744835 0.428043 0.018595 0.015625
0 0.847107 0.348684 0.024793 0.018092
0 0.961777 0.407484 0.020661 0.018914
0 0.979339 0.488076 0.017562 0.020559
