0 0.151085 0.468339 0.017045 0.015625
0 0.194731 0.504112 0.029959 0.047697
0 0.220300 0.607730 0.018079 0.024671
0 0.200930 0.733964 0.034091 0.045230
0 0.316632 0.578947 0.022727 0.029605
0 0.280733 0.354852 0.014979 0.028783
0 0.336260 0.366776 0.025826 0.018092
0 0.379132 0.423931 0.033058 0.027138
0 0.530217 0.440378 0.031508 0.023849
0 0.546229 0.323191 0.030475 0.041118
0 0.635589 0.574836 0.024277 0.023026
0 0.686467 0.499589 0.029959 0.040296
0 0.654442 0.446135 0.025826 0.020559
0 0.619576 0.377878 0.020145 0.018914
0 0.777376 0.359375 0.017562 0.016447
0 0.930785 0.710115 0.035124 0.043586
0 0.927944 0.585115 0.048037 0.046875
0 0.886622 0.417352 0.025310 0.018914
0 0.892045 0.502467 0.020661 0.021382
0 0.423037 0.686266 0.050620 0.060033
