0 0.288740 0.495066 0.044421 0.060855
0 0.349690 0.344984 0.015496 0.032072
0 0.310434 0.598273 0.028926 0.027138
0 0.315599 0.725329 0.029959 0.050987
0 0.412190 0.568668 0.022727 0.033717
0 0.450155 0.411595 0.038740 0.025493
0 0.538740 0.671464 0.050620 0.055099
0 0.610021 0.428043 0.026860 0.025493
0 0.615186 0.304688 0.030992 0.033717
0 0.692924 0.365543 0.022211 0.020559
0 0.731405 0.560855 0.023760 0.029605
0 0.773244 0.484786 0.034091 0.040296
0 0.846333 0.346628 0.025310 0.022204
0 0.919163 0.651727 0.017045 0.022204
0 0.956870 0.405428 0.019112 0.023026
0 0.978306 0.487664 0.024793 0.026316
0 0.742252 0.430099 0.015496 0.016447
0 0.397211 0.357319 0.037190 0.022204
1 0.370868 0.745477 0.091942 0.046875
1 0.347624 0.609375 0.051653 0.021382
1 0.344783 0.509457 0.084194 0.023849
1 0.372159 0.345395 0.030475 0.009868
1 0.426911 0.356908 0.026343 0.023026
1 0.449380 0.577714 0.060950 0.030428
1 0.614928 0.699013 0.112087 0.041118
1 0.503357 0.427220 0.074897 0.023849
1 0.648760 0.432155 0.053719 0.015625
1 0.658316 0.310444 0.060434 0.023849
1 0.726756 0.370888 0.042355 0.019737
1 0.768079 0.436266 0.028926 0.013980
1 0.781508 0.574424 0.073347 0.032072
1 0.856921 0.501234 0.137397 0.032072
1 0.882231 0.350329 0.044421 0.016447
1 0.962810 0.667352 0.068182 0.046875
1 0.993027 0.490132 0.013946 0.026316
1 0.978306 0.409539 0.026860 0.029605
