0 0.148760 0.472862 0.019628 0.027961
0 0.214101 0.610609 0.033574 0.028783
0 0.202996 0.734786 0.026860 0.046875
0 0.195506 0.505757 0.027376 0.050987
0 0.280992 0.357319 0.013430 0.025493
0 0.373192 0.424342 0.043905 0.029605
0 0.315857 0.580592 0.024277 0.024671
0 0.427944 0.686678 0.055269 0.054276
0 0.530733 0.439145 0.029442 0.024671
0 0.546746 0.318257 0.031508 0.031250
0 0.622676 0.377467 0.016012 0.018092
0 0.684401 0.500411 0.034091 0.041941
0 0.635847 0.575658 0.023760 0.023026
0 0.662190 0.442434 0.018595 0.018092
0 0.775310 0.359786 0.022727 0.022204
0 0.885589 0.415296 0.027376 0.018092
0 0.929236 0.711760 0.036157 0.053454
0 0.927169 0.587171 0.043388 0.049342
0 0.893853 0.500411 0.019112 0.023849
0 0.821539 0.665707 0.020145 0.023849
1 0.170971 0.494655 0.033058 0.084704
1 0.140754 0.465049 0.024277 0.032072
1 0.192665 0.600329 0.033058 0.050987
1 0.162448 0.708882 0.065599 0.083882
1 0.294938 0.566201 0.029959 0.040296
1 0.264463 0.347039 0.025826 0.029605
1 0.355114 0.412418 0.032541 0.041941
1 0.391787 0.662418 0.059401 0.081414
1 0.513688 0.427632 0.032541 0.046053
1 0.527634 0.303454 0.031508 0.037829
1 0.611312 0.369655 0.014979 0.030428
1 0.645145 0.433799 0.028926 0.023849
1 0.663740 0.482319 0.037190 0.055099
1 0.613895 0.562911 0.032541 0.035362
1 0.762913 0.351562 0.020661 0.023849
1 0.875775 0.406661 0.027376 0.022204
1 0.879649 0.486842 0.022727 0.023026
1 0.900568 0.564556 0.047004 0.056743
1 0.802169 0.650493 0.048554 0.032895
1 0.904442 0.689556 0.038223 0.058388
