0 0.150568 0.474918 0.018079 0.022204
0 0.192924 0.506168 0.027376 0.048520
0 0.212552 0.610197 0.030475 0.026316
0 0.199638 0.734786 0.032541 0.041941
0 0.316374 0.578536 0.025310 0.032072
0 0.280992 0.358141 0.014463 0.025493
0 0.372676 0.424753 0.042872 0.025493
0 0.428977 0.686678 0.051136 0.052632
0 0.528667 0.438734 0.029442 0.025493
0 0.546229 0.318668 0.034607 0.033717
0 0.620351 0.378289 0.020661 0.018092
0 0.662448 0.443668 0.018079 0.012336
0 0.634298 0.574836 0.025826 0.024671
0 0.684143 0.498766 0.034607 0.040296
0 0.775052 0.361431 0.020145 0.020559
0 0.815341 0.665707 0.030475 0.025493
0 0.928719 0.712171 0.034091 0.046053
0 0.924587 0.586349 0.043388 0.049342
0 0.891787 0.498355 0.014979 0.018092
0 0.884556 0.418174 0.019112 0.023849
