0 0.229597 0.457648 0.013946 0.028783
0 0.281250 0.489720 0.028409 0.050164
0 0.311725 0.596628 0.030475 0.025493
0 0.318182 0.721628 0.027893 0.046875
0 0.348915 0.341283 0.012913 0.027961
0 0.411674 0.568257 0.022727 0.023026
0 0.451963 0.409951 0.043388 0.028783
0 0.539256 0.671053 0.053719 0.047697
0 0.611312 0.425987 0.028409 0.024671
0 0.614669 0.304276 0.029959 0.034539
0 0.696023 0.365132 0.018079 0.018092
0 0.732696 0.562089 0.022211 0.022204
0 0.772986 0.486020 0.036674 0.039474
0 0.744835 0.428043 0.018595 0.015625
0 0.847107 0.348684 0.024793 0.018092
0 0.961777 0.407484 0.020661 0.018914
0 0.979339 0.488076 0.017562 0.020559
1 0.269886 0.694490 0.082128 0.086349
1 0.285382 0.584293 0.036674 0.050164
1 0.215134 0.449424 0.018079 0.035362
1 0.251550 0.482319 0.036157 0.091283
1 0.329287 0.333059 0.033574 0.027961
1 0.431560 0.399260 0.031508 0.038651
1 0.386622 0.551809 0.027376 0.037829
1 0.497159 0.650905 0.068698 0.086349
1 0.589618 0.414474 0.034607 0.044408
1 0.595558 0.289474 0.041322 0.041118
1 0.683110 0.356086 0.018079 0.019737
1 0.723140 0.420641 0.025826 0.017270
1 0.746901 0.469984 0.042355 0.058388
1 0.708161 0.548931 0.038223 0.043586
1 0.830320 0.336760 0.014979 0.020559
1 0.950155 0.395559 0.030475 0.036184
1 0.985795 0.555510 0.028409 0.069901
1 0.993285 0.665296 0.013430 0.029605
1 0.964618 0.477796 0.026343 0.027961
