0 0.228564 0.459293 0.024277 0.027138
0 0.282025 0.493421 0.025826 0.047697
0 0.311467 0.599918 0.032025 0.030428
0 0.313791 0.724507 0.033574 0.044408
0 0.349432 0.344161 0.018079 0.022204
0 0.455320 0.411595 0.041839 0.028783
0 0.413223 0.569079 0.025826 0.034539
0 0.538998 0.673109 0.048037 0.051809
0 0.611829 0.430921 0.031508 0.024671
0 0.613895 0.309622 0.032541 0.032072
0 0.730630 0.562911 0.023244 0.023849
0 0.775052 0.488487 0.037707 0.039474
0 0.742769 0.433799 0.017562 0.013980
0 0.693440 0.363487 0.017045 0.014803
1 0.312242 0.705181 0.023244 0.017270
1 0.312758 0.585526 0.034607 0.016447
1 0.535382 0.659128 0.035640 0.041941
1 0.282541 0.474095 0.026860 0.028783
1 0.607696 0.418174 0.028409 0.027138
1 0.769112 0.476562 0.025826 0.030428
1 0.609504 0.291941 0.034091 0.013158
