0 0.148760 0.472862 0.019628 0.027961
0 0.214101 0.610609 0.033574 0.028783
0 0.202996 0.734786 0.026860 0.046875
0 0.195506 0.505757 0.027376 0.050987
0 0.280992 0.357319 0.013430 0.025493
0 0.373192 0.424342 0.043905 0.029605
0 0.315857 0.580592 0.024277 0.024671
0 0.427944 0.686678 0.055269 0.054276
0 0.530733 0.439145 0.029442 0.024671
0 0.546746 0.318257 0.031508 0.031250
0 0.622676 0.377467 0.016012 0.018092
0 0.684401 0.500411 0.034091 0.041941
0 0.635847 0.575658 0.023760 0.023026
0 0.662190 0.442434 0.018595 0.018092
0 0.775310 0.359786 0.022727 0.022204
0 0.885589 0.415296 0.027376 0.018092
0 0.929236 0.711760 0.036157 0.053454
0 0.927169 0.587171 0.043388 0.049342
0 0.893853 0.500411 0.019112 0.023849
