1 0.148244 0.472451 0.023760 0.027138
1 0.194215 0.503701 0.029959 0.050164
1 0.214876 0.608964 0.032025 0.025493
1 0.200930 0.734786 0.035124 0.043586
1 0.315857 0.580592 0.022211 0.029605
1 0.280475 0.358964 0.015496 0.028783
1 0.376033 0.423931 0.039256 0.025493
1 0.428202 0.685855 0.051653 0.049342
1 0.529700 0.441201 0.028409 0.028783
1 0.547004 0.317845 0.033058 0.028783
1 0.634556 0.574836 0.024277 0.018092
1 0.661932 0.443257 0.019112 0.013158
1 0.685434 0.499589 0.039256 0.041941
1 0.777376 0.359375 0.025826 0.023026
1 0.878616 0.421875 0.021694 0.016447
1 0.429236 0.667763 0.050620 0.031250
1 0.208936 0.718339 0.021178 0.025493
1 0.316632 0.571135 0.019628 0.020559
1 0.381198 0.416941 0.024793 0.023026
1 0.529442 0.430099 0.024793 0.013158
1 0.687758 0.483553 0.029442 0.019737
1 0.638430 0.563322 0.029959 0.006579
