0 0.196023 0.505345 0.033574 0.048520
0 0.212293 0.610609 0.032025 0.028783
0 0.200930 0.734375 0.026860 0.041118
0 0.280475 0.356086 0.014463 0.027961
0 0.324638 0.367599 0.035640 0.019737
0 0.371384 0.422697 0.040289 0.024671
0 0.313275 0.578947 0.024277 0.031250
0 0.427428 0.687911 0.058368 0.048520
0 0.528926 0.437911 0.028926 0.025493
0 0.546488 0.316201 0.030992 0.030428
0 0.633523 0.575658 0.023244 0.026316
0 0.619576 0.379523 0.017045 0.017270
0 0.684401 0.498355 0.036157 0.036184
0 0.663481 0.441201 0.012913 0.020559
0 0.777118 0.361431 0.026343 0.020559
0 0.880165 0.416530 0.019628 0.017270
0 0.894112 0.503701 0.021694 0.025493
0 0.924070 0.587993 0.040289 0.050987
0 0.928202 0.712171 0.042355 0.054276
