0 0.247417 0.263569 0.013430 0.018914
0 0.282283 0.268503 0.017045 0.032072
0 0.306302 0.307977 0.017562 0.017270
0 0.309401 0.343339 0.018595 0.023849
0 0.324638 0.204770 0.007748 0.016447
0 0.363378 0.292352 0.013946 0.015625
0 0.391012 0.229852 0.026860 0.015625
0 0.434143 0.318668 0.027376 0.035362
0 0.491219 0.229852 0.016529 0.015625
0 0.503616 0.174753 0.021694 0.022204
0 0.553977 0.273849 0.014979 0.011513
0 0.586002 0.242188 0.022211 0.023849
0 0.577738 0.223684 0.008781 0.006579
0 0.552428 0.198191 0.009814 0.011513
0 0.656250 0.185033 0.013946 0.014803
0 0.719525 0.202303 0.013430 0.011513
0 0.716167 0.236431 0.009814 0.009046
0 0.727273 0.265625 0.025826 0.029605
0 0.716167 0.309211 0.022211 0.021382
0 0.650826 0.296875 0.019628 0.011513
