0 0.283833 0.267681 0.020145 0.023849
0 0.306818 0.342928 0.018595 0.026316
0 0.302686 0.309622 0.017562 0.018914
0 0.322572 0.203536 0.010847 0.018914
0 0.360537 0.210938 0.017562 0.017270
0 0.362345 0.291530 0.017045 0.018914
0 0.394628 0.231497 0.022727 0.017270
0 0.434401 0.316612 0.033058 0.027961
0 0.493543 0.228618 0.021178 0.016447
0 0.503357 0.175164 0.022211 0.023026
0 0.553977 0.274671 0.016012 0.013158
0 0.553202 0.199424 0.012397 0.013980
0 0.571539 0.224095 0.016012 0.009046
0 0.587810 0.241776 0.021694 0.023026
0 0.657541 0.303454 0.013430 0.016447
0 0.715909 0.311266 0.022727 0.025493
0 0.725207 0.268503 0.022727 0.028783
0 0.714618 0.237664 0.014979 0.014803
0 0.722882 0.204359 0.019112 0.015625
0 0.654700 0.183388 0.016012 0.014803
1 0.337810 0.352385 0.050620 0.017270
1 0.324638 0.315378 0.032541 0.007401
1 0.320506 0.277138 0.056302 0.011513
1 0.385072 0.298109 0.034607 0.012336
1 0.475465 0.330592 0.062500 0.023026
1 0.341942 0.207648 0.023760 0.012336
1 0.377583 0.210526 0.020661 0.009868
1 0.428202 0.236431 0.045455 0.012336
1 0.518079 0.233141 0.036157 0.005757
1 0.534091 0.175576 0.046488 0.010691
1 0.572314 0.201891 0.024793 0.009046
1 0.580579 0.280016 0.036157 0.009046
1 0.637397 0.250411 0.082645 0.017270
1 0.590393 0.228207 0.020661 0.007401
1 0.685950 0.308388 0.046488 0.018092
1 0.751550 0.316612 0.066116 0.011513
1 0.773760 0.273849 0.075413 0.016447
1 0.735537 0.238487 0.029959 0.013158
1 0.730630 0.203536 0.017045 0.012336
1 0.678202 0.184622 0.030992 0.022204
