0 0.339360 0.254523 0.020661 0.030428
0 0.371901 0.192023 0.012397 0.018914
0 0.363636 0.295230 0.019628 0.016447
0 0.373192 0.330181 0.019112 0.025493
0 0.410382 0.198191 0.013946 0.014803
0 0.422779 0.278783 0.016012 0.014803
0 0.442407 0.216283 0.025310 0.018092
0 0.498192 0.305921 0.030475 0.029605
0 0.545713 0.216283 0.017045 0.018092
0 0.551653 0.161184 0.022727 0.018092
0 0.603048 0.188322 0.012913 0.013158
0 0.612603 0.263158 0.013430 0.014803
0 0.643853 0.229441 0.022211 0.024671
0 0.780733 0.300576 0.021178 0.025493
0 0.786415 0.254934 0.026343 0.026316
0 0.771436 0.192434 0.010847 0.014803
0 0.705837 0.172697 0.017045 0.014803
0 0.770403 0.224918 0.012913 0.012336
0 0.717459 0.288651 0.010331 0.016447
0 0.627066 0.214638 0.010331 0.014803
