0 0.283833 0.267681 0.020145 0.023849
0 0.306818 0.342928 0.018595 0.026316
0 0.302686 0.309622 0.017562 0.018914
0 0.322572 0.203536 0.010847 0.018914
0 0.360537 0.210938 0.017562 0.017270
0 0.362345 0.291530 0.017045 0.018914
0 0.394628 0.231497 0.022727 0.017270
0 0.434401 0.316612 0.033058 0.027961
0 0.493543 0.228618 0.021178 0.016447
0 0.503357 0.175164 0.022211 0.023026
0 0.553977 0.274671 0.016012 0.013158
0 0.553202 0.199424 0.012397 0.013980
0 0.571539 0.224095 0.016012 0.009046
0 0.587810 0.241776 0.021694 0.023026
0 0.657541 0.303454 0.013430 0.016447
0 0.715909 0.311266 0.022727 0.025493
0 0.725207 0.268503 0.022727 0.028783
0 0.714618 0.237664 0.014979 0.014803
0 0.722882 0.204359 0.019112 0.015625
0 0.654700 0.183388 0.016012 0.014803
