0 0.339360 0.254523 0.020661 0.030428
1 0.373709 0.265214 0.067665 0.013980
0 0.371901 0.192023 0.012397 0.018914
0 0.363636 0.295230 0.019628 0.016447
0 0.373192 0.330181 0.019112 0.025493
0 0.410382 0.198191 0.013946 0.014803
0 0.422779 0.278783 0.016012 0.014803
0 0.442407 0.216283 0.025310 0.018092
0 0.498192 0.305921 0.030475 0.029605
0 0.545713 0.216283 0.017045 0.018092
0 0.551653 0.161184 0.022727 0.018092
0 0.603048 0.188322 0.012913 0.013158
0 0.612603 0.263158 0.013430 0.014803
0 0.643853 0.229441 0.022211 0.024671
0 0.780733 0.300576 0.021178 0.025493
0 0.786415 0.254934 0.026343 0.026316
0 0.771436 0.192434 0.010847 0.014803
0 0.705837 0.172697 0.017045 0.014803
0 0.770403 0.224918 0.012913 0.012336
0 0.717459 0.288651 0.010331 0.016447
1 0.404184 0.337582 0.050103 0.012336
1 0.385589 0.302220 0.031508 0.007401
1 0.392045 0.196957 0.029959 0.010691
1 0.425878 0.199013 0.019112 0.008224
1 0.478822 0.225329 0.046488 0.008224
1 0.446023 0.285362 0.036674 0.016447
1 0.540806 0.318668 0.067149 0.017270
1 0.569473 0.221217 0.035640 0.006579
1 0.579804 0.163240 0.052169 0.013980
1 0.621901 0.189967 0.026860 0.008224
1 0.639979 0.267681 0.043388 0.013980
1 0.693182 0.235609 0.080579 0.010691
1 0.728306 0.171464 0.026860 0.018914
1 0.824122 0.310033 0.067665 0.014803
1 0.748192 0.296053 0.050103 0.016447
1 0.835486 0.264803 0.076963 0.018092
1 0.791581 0.228207 0.032541 0.015625
1 0.784607 0.192845 0.013430 0.015625
0 0.627066 0.214638 0.010331 0.014803
1 0.645661 0.216283 0.024793 0.008224
