0 0.301653 0.249178 0.011364 0.018092
0 0.339618 0.253701 0.018079 0.028783
0 0.364411 0.295230 0.018079 0.014803
0 0.373967 0.329359 0.018595 0.022204
0 0.371643 0.192434 0.010847 0.013158
0 0.443440 0.216694 0.028409 0.017270
0 0.422521 0.278783 0.013430 0.016447
0 0.497417 0.305510 0.033058 0.028783
0 0.545196 0.216694 0.019112 0.015625
0 0.551136 0.161595 0.022727 0.020559
0 0.602789 0.185444 0.009298 0.009046
0 0.614153 0.262336 0.014463 0.014803
0 0.641787 0.228207 0.022211 0.023849
0 0.705320 0.169408 0.016012 0.013158
0 0.783316 0.300987 0.025310 0.019737
0 0.785640 0.254934 0.024793 0.027961
0 0.771436 0.222862 0.009814 0.011513
0 0.771436 0.191612 0.010847 0.013158
0 0.712552 0.287829 0.023244 0.009868
0 0.412707 0.194490 0.007231 0.007401
1 0.290548 0.248355 0.016012 0.016447
1 0.319731 0.257401 0.027893 0.029605
1 0.347624 0.296464 0.022727 0.020559
1 0.352014 0.333882 0.029442 0.019737
1 0.358729 0.191612 0.017045 0.016447
1 0.404442 0.192845 0.008264 0.005757
1 0.407283 0.277138 0.022211 0.014803
1 0.428202 0.215461 0.016529 0.016447
1 0.472107 0.305510 0.032025 0.020559
1 0.531250 0.216694 0.017045 0.017270
1 0.536932 0.159128 0.014979 0.018914
1 0.599432 0.261102 0.014979 0.013980
1 0.627583 0.226562 0.018595 0.022204
1 0.594008 0.185444 0.006198 0.013980
1 0.697572 0.165707 0.011880 0.009046
1 0.705579 0.287007 0.015496 0.006579
1 0.766529 0.297286 0.016529 0.018914
1 0.768079 0.253289 0.012397 0.024671
1 0.763430 0.218750 0.006198 0.011513
1 0.764205 0.187089 0.011880 0.010691
