0 0.302686 0.250822 0.011364 0.016447
0 0.339618 0.257401 0.017045 0.031250
0 0.363378 0.295641 0.017045 0.018914
0 0.373709 0.331414 0.021178 0.024671
0 0.372934 0.192845 0.012397 0.018914
0 0.444215 0.218339 0.030992 0.018914
0 0.422262 0.280428 0.017045 0.016447
0 0.496384 0.306743 0.032025 0.031250
0 0.544421 0.218339 0.017562 0.013980
0 0.551653 0.162829 0.022727 0.019737
0 0.611829 0.262747 0.017045 0.013980
0 0.603048 0.187500 0.011880 0.014803
0 0.643595 0.228207 0.022727 0.020559
0 0.630165 0.212582 0.010331 0.007401
0 0.719008 0.289474 0.016529 0.014803
0 0.704545 0.171053 0.017562 0.013158
0 0.779442 0.299753 0.019628 0.023849
0 0.785124 0.253289 0.023760 0.029605
0 0.773244 0.222862 0.009298 0.013158
0 0.772727 0.190789 0.011364 0.014803
