0 0.249225 0.262747 0.012913 0.010691
0 0.282283 0.268092 0.017045 0.026316
0 0.309143 0.342928 0.021178 0.021382
0 0.304236 0.307977 0.022727 0.013980
0 0.433368 0.318668 0.027893 0.030428
0 0.362345 0.292352 0.016012 0.015625
0 0.324380 0.204770 0.013430 0.018092
0 0.392045 0.229030 0.022727 0.017270
0 0.363378 0.208882 0.020145 0.008224
0 0.553202 0.275493 0.013430 0.014803
0 0.585227 0.239720 0.021694 0.020559
0 0.716167 0.310033 0.018079 0.024671
0 0.726756 0.264803 0.025826 0.027961
0 0.714101 0.234375 0.014979 0.009868
0 0.720558 0.202303 0.014463 0.013158
0 0.654700 0.180921 0.009814 0.008224
0 0.493543 0.231086 0.020145 0.016447
0 0.571281 0.225329 0.016529 0.011513
0 0.551911 0.197368 0.013946 0.011513
0 0.647727 0.302632 0.026860 0.016447
1 0.244835 0.273026 0.020661 0.011513
1 0.259298 0.308388 0.060950 0.052632
1 0.294163 0.326891 0.027376 0.023849
1 0.303977 0.359375 0.029442 0.013158
1 0.358988 0.306332 0.017562 0.010691
1 0.316890 0.217928 0.022211 0.013158
1 0.359762 0.216694 0.012913 0.009046
1 0.386880 0.244655 0.026860 0.013980
1 0.428977 0.345395 0.030475 0.021382
1 0.491994 0.245477 0.019112 0.010691
1 0.551653 0.206414 0.010331 0.008224
1 0.551653 0.292763 0.021694 0.014803
1 0.590909 0.263569 0.030992 0.030428
1 0.658574 0.316201 0.038223 0.012336
1 0.659607 0.188322 0.016529 0.009868
1 0.743027 0.298931 0.055269 0.038651
1 0.723140 0.321135 0.032025 0.007401
1 0.721591 0.211349 0.021694 0.008224
1 0.717975 0.246711 0.025826 0.014803
1 0.572831 0.233141 0.018595 0.007401
