0 0.247417 0.263569 0.013430 0.018914
0 0.282283 0.268503 0.017045 0.032072
0 0.306302 0.307977 0.017562 0.017270
0 0.309401 0.343339 0.018595 0.023849
0 0.324638 0.204770 0.007748 0.016447
0 0.363378 0.292352 0.013946 0.015625
0 0.391012 0.229852 0.026860 0.015625
0 0.434143 0.318668 0.027376 0.035362
0 0.491219 0.229852 0.016529 0.015625
0 0.503616 0.174753 0.021694 0.022204
0 0.553977 0.273849 0.014979 0.011513
0 0.586002 0.242188 0.022211 0.023849
0 0.577738 0.223684 0.008781 0.006579
0 0.552428 0.198191 0.009814 0.011513
0 0.656250 0.185033 0.013946 0.014803
0 0.719525 0.202303 0.013430 0.011513
0 0.716167 0.236431 0.009814 0.009046
0 0.727273 0.265625 0.025826 0.029605
0 0.715134 0.311266 0.020145 0.025493
0 0.650826 0.296875 0.019628 0.011513
1 0.239928 0.263158 0.014979 0.011513
1 0.266012 0.274260 0.025826 0.030428
1 0.288223 0.309622 0.021694 0.015625
1 0.280992 0.346628 0.045455 0.023849
1 0.349948 0.292352 0.018079 0.017270
1 0.310434 0.201891 0.016529 0.015625
1 0.408316 0.319901 0.032541 0.026316
1 0.376808 0.228618 0.016012 0.021382
1 0.478822 0.229441 0.015496 0.018092
1 0.489153 0.171464 0.015496 0.018914
1 0.567407 0.221628 0.017045 0.007401
1 0.572056 0.239309 0.019112 0.019737
1 0.641787 0.297286 0.016012 0.007401
1 0.648502 0.180099 0.008781 0.013158
1 0.702738 0.306743 0.013946 0.018092
1 0.711002 0.264803 0.011880 0.023026
1 0.708678 0.232730 0.009298 0.009868
1 0.714360 0.200658 0.009298 0.006579
1 0.542355 0.274260 0.017562 0.013980
