0 0.249742 0.264803 0.012913 0.016447
0 0.283316 0.269737 0.018079 0.029605
0 0.303461 0.308388 0.018079 0.019737
0 0.308368 0.344572 0.021694 0.021382
0 0.363378 0.293174 0.016012 0.017270
0 0.324380 0.206414 0.011364 0.018092
0 0.391271 0.231086 0.029442 0.018092
0 0.435950 0.323191 0.034091 0.018092
0 0.491736 0.232730 0.021694 0.018092
0 0.503616 0.174342 0.023760 0.018092
0 0.553719 0.275493 0.015496 0.014803
0 0.553719 0.199013 0.011364 0.013158
0 0.586002 0.243421 0.021178 0.026316
0 0.574380 0.224095 0.010331 0.007401
0 0.657800 0.301398 0.012913 0.015625
0 0.655992 0.183388 0.015496 0.011513
0 0.715393 0.310444 0.015496 0.018914
0 0.725981 0.267270 0.025310 0.027961
0 0.715651 0.236020 0.011880 0.011513
0 0.717717 0.201891 0.012913 0.012336
1 0.253874 0.256168 0.010847 0.013980
1 0.293647 0.264391 0.012913 0.032072
1 0.317149 0.337993 0.012397 0.024671
1 0.314566 0.302220 0.010331 0.012336
1 0.327738 0.197780 0.008781 0.018914
1 0.369576 0.288240 0.010847 0.013980
1 0.400568 0.226974 0.014979 0.024671
1 0.451705 0.310855 0.021178 0.026316
1 0.500517 0.226562 0.010331 0.018914
1 0.512138 0.166530 0.014979 0.013980
1 0.559143 0.198602 0.005682 0.010691
1 0.602273 0.237253 0.019628 0.028783
1 0.561209 0.270148 0.010847 0.017270
1 0.666581 0.297697 0.011880 0.013158
1 0.663481 0.181332 0.007748 0.013980
1 0.731921 0.307155 0.020661 0.027138
1 0.738120 0.262747 0.022727 0.027138
1 0.722624 0.232730 0.007231 0.011513
1 0.728048 0.199836 0.012913 0.006579
