0 0.249225 0.262747 0.012913 0.010691
0 0.282283 0.268092 0.017045 0.026316
0 0.309143 0.342928 0.021178 0.021382
0 0.304236 0.307977 0.022727 0.013980
0 0.433368 0.318668 0.027893 0.030428
0 0.362345 0.292352 0.016012 0.015625
0 0.324380 0.204770 0.013430 0.018092
0 0.392045 0.229030 0.022727 0.017270
0 0.363378 0.208882 0.020145 0.008224
0 0.553202 0.275493 0.013430 0.014803
0 0.585227 0.239720 0.021694 0.020559
0 0.716167 0.310033 0.018079 0.024671
0 0.726756 0.264803 0.025826 0.027961
0 0.714101 0.234375 0.014979 0.009868
0 0.720558 0.202303 0.014463 0.013158
0 0.654700 0.180921 0.009814 0.008224
0 0.493543 0.231086 0.020145 0.016447
0 0.571281 0.225329 0.016529 0.011513
0 0.551911 0.197368 0.013946 0.011513
0 0.647727 0.302632 0.026860 0.016447
