0 0.303461 0.248766 0.011880 0.012336
0 0.337293 0.254934 0.018595 0.029605
0 0.373450 0.331003 0.018595 0.022204
0 0.363895 0.293586 0.018079 0.018092
0 0.371643 0.192023 0.013946 0.017270
0 0.411674 0.197368 0.016529 0.009868
0 0.444473 0.216283 0.027376 0.018092
0 0.421229 0.277961 0.016012 0.016447
0 0.497934 0.303865 0.027893 0.027138
0 0.545196 0.216694 0.021178 0.015625
0 0.613636 0.263569 0.016529 0.013980
0 0.643079 0.228618 0.025826 0.023026
0 0.602273 0.187911 0.011364 0.009046
0 0.779442 0.299342 0.020661 0.021382
0 0.705062 0.171464 0.011364 0.010691
0 0.714101 0.290296 0.022211 0.018092
0 0.786157 0.254112 0.025826 0.023026
0 0.769628 0.225740 0.012397 0.015625
0 0.771178 0.190378 0.013430 0.012336
0 0.623450 0.211760 0.015496 0.010691
