0 0.249742 0.264803 0.012913 0.016447
0 0.283316 0.269737 0.018079 0.029605
0 0.303461 0.308388 0.018079 0.019737
0 0.308368 0.344572 0.021694 0.021382
0 0.363378 0.293174 0.016012 0.017270
0 0.324380 0.206414 0.011364 0.018092
0 0.391271 0.231086 0.029442 0.018092
0 0.435950 0.323191 0.034091 0.018092
0 0.491736 0.232730 0.021694 0.018092
0 0.503616 0.174342 0.023760 0.018092
0 0.553719 0.275493 0.015496 0.014803
0 0.553719 0.199013 0.011364 0.013158
0 0.586002 0.243421 0.021178 0.026316
0 0.574380 0.224095 0.010331 0.007401
0 0.657800 0.301398 0.012913 0.015625
0 0.655992 0.183388 0.015496 0.011513
0 0.715393 0.310444 0.015496 0.018914
0 0.725981 0.267270 0.025310 0.027961
0 0.715651 0.236020 0.011880 0.011513
0 0.717717 0.201891 0.012913 0.012336
