0 0.302686 0.250822 0.011364 0.016447
0 0.339618 0.257401 0.017045 0.031250
0 0.363378 0.295641 0.017045 0.018914
0 0.373709 0.331414 0.021178 0.024671
0 0.372934 0.192845 0.012397 0.018914
0 0.444215 0.218339 0.030992 0.018914
0 0.422262 0.280428 0.017045 0.016447
0 0.496384 0.306743 0.032025 0.031250
0 0.544421 0.218339 0.017562 0.013980
0 0.551653 0.162829 0.022727 0.019737
0 0.611829 0.262747 0.017045 0.013980
0 0.603048 0.187500 0.011880 0.014803
0 0.643595 0.228207 0.022727 0.020559
0 0.630165 0.212582 0.010331 0.007401
0 0.719008 0.289474 0.016529 0.014803
0 0.704545 0.171053 0.017562 0.013158
0 0.779442 0.299753 0.019628 0.023849
0 0.785124 0.253289 0.023760 0.029605
0 0.773244 0.222862 0.009298 0.013158
0 0.772727 0.190789 0.011364 0.014803
1 0.306302 0.242188 0.012397 0.007401
1 0.346333 0.249178 0.010847 0.029605
1 0.380682 0.325247 0.013430 0.027138
1 0.370093 0.287418 0.012913 0.013980
1 0.375517 0.186266 0.008264 0.018914
1 0.451188 0.213816 0.016012 0.023026
1 0.512655 0.298931 0.014979 0.025493
1 0.429494 0.275493 0.014979 0.011513
1 0.554236 0.212171 0.011364 0.018092
1 0.558110 0.152549 0.014979 0.013980
1 0.656508 0.223684 0.017562 0.027961
1 0.621126 0.256990 0.010847 0.012336
1 0.634814 0.207648 0.015496 0.007401
1 0.795971 0.252467 0.020661 0.031250
1 0.727531 0.285362 0.010847 0.011513
1 0.794680 0.297286 0.020145 0.025493
1 0.712552 0.168174 0.009814 0.010691
1 0.778926 0.222451 0.009298 0.010691
1 0.776343 0.186678 0.011364 0.004934
