0 0.056560 0.585938 0.027376 0.015625
0 0.186725 0.755757 0.028409 0.029605
0 0.220816 0.555510 0.036674 0.040296
0 0.305527 0.461760 0.026343 0.030428
0 0.239153 0.405428 0.016529 0.019737
0 0.320506 0.681743 0.050103 0.059211
0 0.485021 0.662007 0.030992 0.044408
0 0.465393 0.589638 0.024793 0.027961
0 0.444731 0.386513 0.026860 0.034539
0 0.380165 0.305921 0.017562 0.018092
0 0.513946 0.423520 0.021694 0.021382
0 0.464360 0.322780 0.016529 0.010691
0 0.553719 0.329359 0.030992 0.027138
0 0.616736 0.517270 0.026860 0.049342
0 0.661674 0.638158 0.034091 0.039474
0 0.646436 0.350740 0.029442 0.027138
0 0.604855 0.377056 0.012397 0.013980
0 0.275568 0.329770 0.021178 0.018092
0 0.594525 0.770559 0.030992 0.055921
1 0.020661 0.650082 0.040289 0.055099
1 0.071023 0.596217 0.025310 0.014803
1 0.213068 0.777961 0.048037 0.039474
1 0.249225 0.573191 0.055269 0.041118
1 0.256715 0.407484 0.019628 0.018914
1 0.289256 0.334293 0.010331 0.005757
1 0.337293 0.470395 0.043388 0.027961
1 0.402376 0.748355 0.164256 0.105263
1 0.529184 0.686266 0.089360 0.041941
1 0.500000 0.606908 0.055785 0.031250
1 0.494060 0.396382 0.069731 0.019737
1 0.549845 0.430510 0.051136 0.022204
1 0.394886 0.308388 0.028409 0.016447
1 0.490444 0.328125 0.031508 0.016447
1 0.673037 0.532484 0.087810 0.032072
1 0.604081 0.338816 0.082128 0.014803
1 0.621126 0.388158 0.023244 0.018092
1 0.687242 0.360609 0.055269 0.017270
1 0.724432 0.672697 0.144112 0.052632
1 0.620868 0.779194 0.034091 0.043586
