0 0.056560 0.585938 0.027376 0.015625
0 0.186725 0.755757 0.028409 0.029605
0 0.220816 0.555510 0.036674 0.040296
0 0.305527 0.461760 0.026343 0.030428
0 0.239153 0.405428 0.016529 0.019737
0 0.320506 0.681743 0.050103 0.059211
0 0.485021 0.662007 0.030992 0.044408
0 0.465393 0.589638 0.024793 0.027961
0 0.444731 0.386513 0.026860 0.034539
0 0.380165 0.305921 0.017562 0.018092
0 0.513946 0.423520 0.021694 0.021382
0 0.464360 0.322780 0.016529 0.010691
0 0.553719 0.329359 0.030992 0.027138
0 0.616736 0.517270 0.026860 0.049342
0 0.661674 0.638158 0.034091 0.039474
0 0.646436 0.350740 0.029442 0.027138
0 0.604855 0.377056 0.012397 0.013980
0 0.275568 0.329770 0.021178 0.018092
0 0.594525 0.770559 0.030992 0.055921
