0 0.109246 0.425164 0.031508 0.031250
0 0.224432 0.558388 0.027376 0.042763
1 0.050103 0.439556 0.099174 0.017270
0 0.241736 0.402961 0.013430 0.021382
0 0.308626 0.460526 0.023244 0.024671
0 0.275310 0.331414 0.018595 0.013158
0 0.383781 0.304276 0.012397 0.013158
0 0.360021 0.395148 0.015496 0.013980
0 0.448089 0.388980 0.026343 0.034539
0 0.472882 0.321957 0.013946 0.012336
0 0.554494 0.331414 0.027376 0.031250
0 0.323864 0.680510 0.048554 0.053454
0 0.191890 0.763980 0.035640 0.041118
0 0.469008 0.590461 0.014463 0.027961
0 0.487603 0.656661 0.021694 0.032072
0 0.661674 0.636102 0.023760 0.033717
0 0.619060 0.517681 0.030475 0.050164
0 0.517820 0.423931 0.017045 0.020559
0 0.646694 0.349507 0.026860 0.029605
0 0.605372 0.379523 0.015496 0.022204
0 0.384556 0.555099 0.013946 0.014803
1 0.167614 0.574013 0.087293 0.036184
1 0.141012 0.782072 0.066116 0.039474
1 0.221591 0.735609 0.179752 0.071546
1 0.365961 0.562089 0.020145 0.012336
1 0.262138 0.477385 0.074897 0.032072
1 0.212810 0.410773 0.049587 0.022204
1 0.248192 0.335115 0.039773 0.012336
1 0.334452 0.401727 0.038740 0.015625
1 0.361312 0.306743 0.031508 0.014803
1 0.427944 0.605674 0.068698 0.043586
1 0.402376 0.398026 0.075413 0.018092
1 0.447831 0.693257 0.078512 0.052632
1 0.565083 0.547697 0.090909 0.046053
1 0.486570 0.434622 0.053719 0.020559
1 0.521436 0.337171 0.049070 0.013158
1 0.593233 0.686266 0.118285 0.091283
1 0.616477 0.361431 0.040806 0.013980
1 0.582386 0.385691 0.031508 0.011513
1 0.451446 0.326069 0.032025 0.018914
