0 0.037190 0.439556 0.029959 0.033717
0 0.138430 0.570312 0.028926 0.045230
0 0.218750 0.692023 0.052169 0.055099
0 0.173037 0.416530 0.013430 0.015625
0 0.233471 0.473684 0.024793 0.026316
0 0.213068 0.344161 0.024277 0.017270
0 0.376033 0.598684 0.020661 0.026316
0 0.291581 0.406250 0.009814 0.009868
0 0.323605 0.320312 0.012913 0.017270
0 0.375258 0.400493 0.032541 0.041118
0 0.408316 0.333882 0.017045 0.013158
0 0.386880 0.671464 0.025826 0.035362
0 0.443698 0.439967 0.019628 0.027961
0 0.490961 0.342928 0.028409 0.032895
0 0.532541 0.531661 0.034091 0.050164
0 0.560692 0.646793 0.032541 0.043586
0 0.580579 0.365543 0.033058 0.027138
0 0.537448 0.393503 0.008781 0.017270
0 0.085486 0.770148 0.031508 0.033717
1 0.039256 0.797697 0.075413 0.039474
1 0.127324 0.745066 0.169938 0.054276
1 0.084711 0.588405 0.094008 0.038651
1 0.013688 0.453125 0.026343 0.021382
1 0.186983 0.492188 0.073347 0.032072
1 0.146436 0.424753 0.045971 0.017270
1 0.184401 0.350329 0.038223 0.013158
1 0.263171 0.416530 0.039773 0.023849
1 0.301395 0.319490 0.038740 0.018914
1 0.333936 0.412829 0.082128 0.018092
1 0.339876 0.622533 0.075413 0.046053
1 0.345558 0.706826 0.085744 0.058388
1 0.413998 0.449013 0.054236 0.027961
1 0.385072 0.341283 0.028409 0.018092
1 0.460486 0.350740 0.041839 0.015625
1 0.501808 0.703536 0.129649 0.086349
1 0.478564 0.564145 0.087293 0.050987
1 0.517820 0.400493 0.031508 0.023026
1 0.552944 0.373766 0.045971 0.013980
0 0.480888 0.765214 0.029959 0.035362
1 0.468750 0.786184 0.049070 0.039474
