0 0.306560 0.461349 0.022211 0.029605
0 0.321023 0.681743 0.051136 0.060855
0 0.486570 0.667352 0.025826 0.051809
0 0.465909 0.589638 0.023760 0.026316
0 0.445506 0.387336 0.026343 0.039474
0 0.514205 0.428043 0.022211 0.020559
0 0.615961 0.518503 0.029442 0.053454
0 0.661157 0.640214 0.030992 0.041941
0 0.550362 0.331003 0.035640 0.028783
0 0.646952 0.354852 0.027376 0.032072
0 0.469525 0.325247 0.029959 0.018914
0 0.269628 0.335938 0.030992 0.025493
0 0.361054 0.402138 0.020661 0.018092
1 0.319731 0.657484 0.049587 0.020559
1 0.482438 0.644326 0.016529 0.018914
1 0.461002 0.580181 0.021178 0.013980
1 0.444473 0.377056 0.030475 0.018914
1 0.514463 0.415707 0.024793 0.012336
