0 0.037707 0.440378 0.024793 0.033717
0 0.085486 0.772204 0.032541 0.039474
0 0.137655 0.572368 0.028409 0.044408
0 0.221591 0.695724 0.052686 0.065789
0 0.230114 0.476151 0.029442 0.039474
0 0.170455 0.417763 0.019628 0.016447
0 0.214618 0.344572 0.020145 0.016447
0 0.287448 0.409128 0.016012 0.015625
0 0.374742 0.602385 0.024277 0.030428
0 0.386880 0.677632 0.024793 0.047697
0 0.325155 0.320724 0.012913 0.019737
0 0.376291 0.401727 0.029442 0.038651
0 0.408574 0.335938 0.014463 0.015625
0 0.442407 0.437089 0.016012 0.023849
0 0.534349 0.530428 0.026343 0.050987
0 0.560950 0.650905 0.026860 0.038651
0 0.491477 0.342928 0.029442 0.032895
0 0.580062 0.365132 0.026860 0.027961
0 0.535899 0.391447 0.014979 0.021382
1 0.015754 0.444490 0.030475 0.030428
1 0.044680 0.777961 0.055269 0.029605
1 0.076705 0.575247 0.098657 0.028783
1 0.134814 0.710938 0.142562 0.033717
1 0.196023 0.481086 0.052169 0.029605
1 0.150826 0.421875 0.030992 0.026316
1 0.188791 0.344984 0.034607 0.020559
1 0.265496 0.412418 0.033058 0.018914
1 0.331612 0.404194 0.061983 0.032072
1 0.307335 0.318668 0.024793 0.017270
1 0.331095 0.611842 0.070248 0.024671
1 0.341942 0.692434 0.084711 0.047697
1 0.498192 0.666530 0.102789 0.030428
1 0.475981 0.538240 0.097624 0.040296
1 0.416581 0.439967 0.040806 0.018092
1 0.459969 0.338816 0.045971 0.032895
1 0.515754 0.395970 0.031508 0.020559
1 0.548295 0.364309 0.041839 0.027961
1 0.390754 0.337171 0.019112 0.014803
