0 0.217975 0.694490 0.049587 0.055099
0 0.231405 0.475329 0.025826 0.027961
0 0.373450 0.603618 0.023760 0.026316
0 0.385331 0.678043 0.029959 0.048520
0 0.375775 0.402961 0.031508 0.037829
0 0.441632 0.439556 0.017562 0.025493
0 0.530733 0.530839 0.031508 0.053454
0 0.560950 0.648849 0.032025 0.037829
0 0.408574 0.333059 0.020661 0.016447
0 0.493027 0.343339 0.029442 0.022204
0 0.581870 0.365543 0.029442 0.027138
1 0.230114 0.675164 0.032541 0.026316
1 0.560692 0.633635 0.022211 0.012336
1 0.392304 0.658306 0.014979 0.028783
1 0.534349 0.512336 0.021178 0.016447
1 0.378616 0.392681 0.033058 0.023849
