0 0.107696 0.426398 0.024277 0.033717
0 0.223140 0.558388 0.026860 0.046053
0 0.239669 0.403783 0.017562 0.019737
0 0.274019 0.331414 0.020145 0.016447
0 0.319990 0.681743 0.047004 0.060855
0 0.190599 0.759457 0.032025 0.032072
0 0.309143 0.463405 0.022211 0.032072
0 0.358213 0.399671 0.019112 0.021382
0 0.385589 0.305099 0.017045 0.019737
0 0.466942 0.588405 0.020661 0.025493
0 0.486570 0.668997 0.028926 0.060033
0 0.446539 0.390214 0.027376 0.032072
0 0.516271 0.423520 0.013946 0.024671
0 0.468750 0.323602 0.020145 0.015625
0 0.554236 0.329359 0.030992 0.028783
0 0.644628 0.354441 0.034091 0.032895
0 0.617510 0.517270 0.033574 0.050987
0 0.661415 0.638158 0.030475 0.041118
0 0.595300 0.760280 0.023244 0.045230
0 0.605630 0.377878 0.012913 0.012336
