0 0.080837 0.767681 0.023244 0.028783
0 0.137397 0.571546 0.037190 0.042763
0 0.220816 0.694490 0.050103 0.061678
0 0.231147 0.474095 0.025310 0.032072
0 0.170971 0.421464 0.018595 0.022204
0 0.214101 0.345395 0.024277 0.013158
0 0.385331 0.675164 0.030992 0.044408
0 0.371901 0.600740 0.023760 0.025493
0 0.375000 0.399260 0.033058 0.032072
0 0.408316 0.336760 0.020145 0.015625
0 0.321281 0.318257 0.017562 0.013158
0 0.291839 0.416530 0.016529 0.015625
0 0.529700 0.531661 0.025310 0.053454
0 0.440341 0.439145 0.018079 0.021382
0 0.489153 0.342928 0.028926 0.032895
0 0.537190 0.390625 0.015496 0.013158
0 0.580320 0.363076 0.035640 0.025493
0 0.561983 0.653372 0.033058 0.037007
0 0.481663 0.777549 0.028409 0.053454
