0 0.013171 0.648849 0.025310 0.050987
0 0.054494 0.592516 0.033574 0.027138
0 0.220300 0.559622 0.034607 0.043586
0 0.105888 0.425987 0.030992 0.031250
0 0.321539 0.681743 0.052169 0.059211
0 0.307076 0.462171 0.024277 0.029605
0 0.238636 0.405839 0.015496 0.020559
0 0.272727 0.332648 0.023760 0.017270
0 0.357696 0.393914 0.014979 0.011513
0 0.443957 0.389803 0.032541 0.039474
0 0.464101 0.590049 0.026343 0.027138
0 0.485795 0.664062 0.027376 0.048520
0 0.376291 0.308388 0.018079 0.019737
0 0.470558 0.324013 0.020661 0.014803
0 0.553719 0.330592 0.027893 0.029605
0 0.515238 0.426809 0.017045 0.019737
0 0.618543 0.519737 0.033574 0.054276
0 0.661674 0.638158 0.027893 0.036184
0 0.607438 0.378289 0.016529 0.011513
0 0.643853 0.355263 0.032541 0.031250
