0 0.036674 0.441612 0.029959 0.032895
0 0.136105 0.572368 0.032541 0.046053
0 0.168647 0.417763 0.012913 0.019737
0 0.212552 0.347039 0.023244 0.023026
0 0.230114 0.476562 0.023244 0.033717
0 0.219783 0.701069 0.052169 0.074836
0 0.369318 0.603207 0.027893 0.030428
0 0.384814 0.674753 0.026860 0.045230
0 0.286674 0.407072 0.019628 0.011513
0 0.376808 0.402549 0.034607 0.038651
0 0.319215 0.321546 0.019628 0.014803
0 0.408833 0.335938 0.017045 0.012336
0 0.440599 0.437911 0.016529 0.020559
0 0.490702 0.343339 0.029959 0.032072
0 0.533316 0.531250 0.032541 0.050987
0 0.579287 0.364720 0.030475 0.027138
0 0.537707 0.390625 0.017562 0.014803
0 0.560950 0.651316 0.027893 0.042763
