0 0.037707 0.440378 0.024793 0.033717
0 0.085486 0.772204 0.032541 0.039474
0 0.137655 0.572368 0.028409 0.044408
0 0.221591 0.695724 0.052686 0.065789
0 0.230114 0.476151 0.029442 0.039474
0 0.170455 0.417763 0.019628 0.016447
0 0.214618 0.344572 0.020145 0.016447
0 0.287448 0.409128 0.016012 0.015625
0 0.374742 0.602385 0.024277 0.030428
0 0.386880 0.677632 0.024793 0.047697
0 0.325155 0.320724 0.012913 0.019737
0 0.376291 0.401727 0.029442 0.038651
0 0.408574 0.335938 0.014463 0.015625
0 0.442407 0.437089 0.016012 0.023849
0 0.534349 0.530428 0.026343 0.050987
0 0.560950 0.650905 0.026860 0.038651
0 0.491477 0.342928 0.029442 0.032895
0 0.580062 0.365132 0.026860 0.027961
0 0.535899 0.391447 0.014979 0.021382
