0 0.080837 0.767681 0.023244 0.028783
0 0.137397 0.571546 0.037190 0.042763
0 0.220816 0.694490 0.050103 0.061678
0 0.231147 0.474095 0.025310 0.032072
0 0.170971 0.421464 0.018595 0.022204
0 0.214101 0.345395 0.024277 0.013158
0 0.385331 0.675164 0.030992 0.044408
0 0.371901 0.600740 0.023760 0.025493
0 0.375000 0.399260 0.033058 0.032072
0 0.408316 0.336760 0.020145 0.015625
0 0.321281 0.318257 0.017562 0.013158
0 0.291839 0.416530 0.016529 0.015625
0 0.529700 0.531661 0.025310 0.053454
0 0.440341 0.439145 0.018079 0.021382
0 0.489153 0.342928 0.028926 0.032895
0 0.537190 0.390625 0.015496 0.013158
0 0.580320 0.363076 0.035640 0.025493
0 0.561983 0.653372 0.033058 0.037007
0 0.481663 0.777549 0.028409 0.053454
1 0.104339 0.790296 0.044421 0.029605
1 0.163998 0.587171 0.055269 0.037829
1 0.296488 0.761924 0.158058 0.104441
1 0.257748 0.486431 0.045455 0.027138
1 0.188533 0.421053 0.027893 0.011513
1 0.222366 0.348273 0.027376 0.010691
1 0.306560 0.416118 0.014979 0.011513
1 0.424070 0.412418 0.071281 0.022204
1 0.338326 0.324424 0.022727 0.015625
1 0.429494 0.699013 0.087293 0.039474
1 0.405733 0.618832 0.059401 0.023849
1 0.503099 0.781661 0.023760 0.071546
1 0.619835 0.687089 0.138430 0.053454
1 0.588585 0.546464 0.092459 0.032072
1 0.476756 0.446957 0.053719 0.023849
1 0.558884 0.397204 0.030992 0.019737
1 0.625775 0.372533 0.056302 0.016447
1 0.542097 0.350740 0.080062 0.018914
1 0.428977 0.338816 0.024277 0.009868
