0 0.013171 0.648849 0.025310 0.050987
0 0.054494 0.592516 0.033574 0.027138
0 0.220300 0.559622 0.034607 0.043586
0 0.105888 0.425987 0.030992 0.031250
0 0.321539 0.681743 0.052169 0.059211
0 0.307076 0.462171 0.024277 0.029605
0 0.238636 0.405839 0.015496 0.020559
0 0.272727 0.332648 0.023760 0.017270
0 0.357696 0.393914 0.014979 0.011513
0 0.443957 0.389803 0.032541 0.039474
0 0.464101 0.590049 0.026343 0.027138
0 0.485795 0.664062 0.027376 0.048520
0 0.376291 0.308388 0.018079 0.019737
0 0.470558 0.324013 0.020661 0.014803
0 0.553719 0.330592 0.027893 0.029605
0 0.515238 0.426809 0.017045 0.019737
0 0.618543 0.519737 0.033574 0.054276
0 0.661674 0.638158 0.027893 0.036184
0 0.607438 0.378289 0.016529 0.011513
0 0.643853 0.355263 0.032541 0.031250
1 0.019112 0.618010 0.034091 0.043586
1 0.065083 0.580592 0.025826 0.021382
1 0.121126 0.410362 0.025310 0.042763
1 0.240444 0.532895 0.026343 0.049342
1 0.344783 0.659539 0.051136 0.080592
1 0.316632 0.447368 0.020661 0.034539
1 0.249742 0.393503 0.009814 0.020559
1 0.282541 0.320312 0.023760 0.018914
1 0.360537 0.384046 0.012397 0.009868
1 0.462293 0.367188 0.030992 0.046875
1 0.475465 0.312500 0.020145 0.013158
1 0.387913 0.305099 0.012397 0.004934
1 0.479081 0.577714 0.024277 0.037007
1 0.503357 0.642270 0.021178 0.037829
1 0.527118 0.412007 0.017045 0.026316
1 0.568440 0.316612 0.021178 0.036184
1 0.616736 0.368832 0.013430 0.022204
1 0.662707 0.335115 0.022727 0.032072
1 0.637655 0.493421 0.026343 0.050987
1 0.678202 0.615954 0.028926 0.047697
