0 0.109246 0.425164 0.031508 0.031250
0 0.224432 0.558388 0.027376 0.042763
0 0.241736 0.402961 0.013430 0.021382
0 0.308626 0.460526 0.023244 0.024671
0 0.275310 0.331414 0.018595 0.013158
0 0.383781 0.304276 0.012397 0.013158
0 0.360021 0.395148 0.015496 0.013980
0 0.448089 0.388980 0.026343 0.034539
0 0.472882 0.321957 0.013946 0.012336
0 0.554494 0.331414 0.027376 0.031250
0 0.323864 0.680510 0.048554 0.053454
0 0.191890 0.763980 0.035640 0.041118
0 0.469008 0.590461 0.014463 0.027961
0 0.487603 0.656661 0.021694 0.032072
0 0.661674 0.636102 0.023760 0.033717
0 0.619060 0.517681 0.030475 0.050164
0 0.517820 0.423931 0.017045 0.020559
0 0.646694 0.349507 0.026860 0.029605
0 0.605372 0.379523 0.015496 0.022204
0 0.384556 0.555099 0.013946 0.014803
