0 0.107696 0.426398 0.024277 0.033717
0 0.223140 0.558388 0.026860 0.046053
0 0.239669 0.403783 0.017562 0.019737
0 0.274019 0.331414 0.020145 0.016447
0 0.319990 0.681743 0.047004 0.060855
0 0.190599 0.759457 0.032025 0.032072
0 0.309143 0.463405 0.022211 0.032072
0 0.358213 0.399671 0.019112 0.021382
0 0.385589 0.305099 0.017045 0.019737
0 0.466942 0.588405 0.020661 0.025493
0 0.486570 0.668997 0.028926 0.060033
0 0.446539 0.390214 0.027376 0.032072
0 0.516271 0.423520 0.013946 0.024671
0 0.468750 0.323602 0.020145 0.015625
0 0.554236 0.329359 0.030992 0.028783
0 0.644628 0.354441 0.034091 0.032895
0 0.617510 0.517270 0.033574 0.050987
0 0.661415 0.638158 0.030475 0.041118
0 0.595300 0.760280 0.023244 0.045230
0 0.605630 0.377878 0.012913 0.012336
1 0.061983 0.429276 0.077479 0.031250
1 0.161157 0.566612 0.111570 0.031250
1 0.272986 0.469572 0.061467 0.031250
1 0.216426 0.407072 0.037190 0.023026
1 0.249483 0.331826 0.038223 0.022204
1 0.238120 0.700247 0.145661 0.028783
1 0.152118 0.765625 0.057335 0.023026
1 0.440857 0.680099 0.076963 0.041118
1 0.424070 0.598684 0.071281 0.023026
1 0.334711 0.401316 0.032025 0.018092
1 0.366219 0.306332 0.029959 0.018914
1 0.401601 0.392681 0.073864 0.032072
1 0.555010 0.525082 0.094525 0.035362
1 0.490186 0.426398 0.043388 0.020559
1 0.522727 0.328947 0.046488 0.024671
1 0.583678 0.382401 0.030992 0.014803
1 0.614669 0.354030 0.041322 0.028783
1 0.598657 0.654194 0.104339 0.033717
1 0.584452 0.765214 0.035640 0.038651
