0 0.036674 0.441612 0.029959 0.032895
0 0.136105 0.572368 0.032541 0.046053
0 0.168647 0.417763 0.012913 0.019737
0 0.212552 0.347039 0.023244 0.023026
0 0.230114 0.476562 0.023244 0.033717
0 0.219783 0.701069 0.052169 0.074836
0 0.369318 0.603207 0.027893 0.030428
0 0.384814 0.674753 0.026860 0.045230
0 0.286674 0.407072 0.019628 0.011513
0 0.376808 0.402549 0.034607 0.038651
0 0.319215 0.321546 0.019628 0.014803
0 0.408833 0.335938 0.017045 0.012336
0 0.440599 0.437911 0.016529 0.020559
0 0.490702 0.343339 0.029959 0.032072
0 0.533316 0.531250 0.032541 0.050987
0 0.579287 0.364720 0.030475 0.027138
0 0.537707 0.390625 0.017562 0.014803
0 0.560950 0.651316 0.027893 0.042763
1 0.054236 0.424342 0.024793 0.046053
1 0.159866 0.546875 0.028409 0.046053
1 0.248450 0.666530 0.053719 0.083059
1 0.244060 0.462171 0.022211 0.034539
1 0.181818 0.406661 0.013430 0.018914
1 0.215393 0.337582 0.028926 0.020559
1 0.396178 0.380757 0.028926 0.042763
1 0.295455 0.400493 0.017562 0.016447
1 0.324380 0.313734 0.022727 0.017270
1 0.457128 0.423520 0.019628 0.026316
1 0.390496 0.591694 0.023760 0.043586
1 0.405217 0.659539 0.029442 0.046053
1 0.554236 0.511513 0.037190 0.059211
1 0.583161 0.633635 0.036157 0.060033
1 0.413223 0.326480 0.021694 0.011513
1 0.506198 0.331003 0.019628 0.040296
1 0.599948 0.351974 0.025310 0.031250
1 0.548812 0.379934 0.019112 0.024671
