0 0.037190 0.439556 0.029959 0.033717
0 0.138430 0.570312 0.028926 0.045230
0 0.218750 0.692023 0.052169 0.055099
0 0.173037 0.416530 0.013430 0.015625
0 0.233471 0.473684 0.024793 0.026316
0 0.213068 0.344161 0.024277 0.017270
0 0.376033 0.598684 0.020661 0.026316
0 0.291581 0.406250 0.009814 0.009868
0 0.323605 0.320312 0.012913 0.017270
0 0.375258 0.400493 0.032541 0.041118
0 0.408316 0.333882 0.017045 0.013158
0 0.386880 0.671464 0.025826 0.035362
0 0.443698 0.439967 0.019628 0.027961
0 0.490961 0.342928 0.028409 0.032895
0 0.532541 0.531661 0.034091 0.050164
0 0.560692 0.646793 0.032541 0.043586
0 0.580579 0.365543 0.033058 0.027138
0 0.537448 0.393503 0.008781 0.017270
0 0.085486 0.770148 0.031508 0.033717
0 0.480888 0.765214 0.029959 0.035362
