0 0.227014 0.495477 0.028409 0.032072
0 0.228048 0.368421 0.012913 0.019737
0 0.369576 0.377056 0.029442 0.028783
0 0.325671 0.30222 0.018079 0.01398
0 0.293647 0.243832 0.022211 0.01727
0 0.474948 0.310033 0.028409 0.021382
0 0.472107 0.222039 0.020661 0.029605
0 0.518079 0.48972 0.027893 0.032072
0 0.478048 0.514391 0.020145 0.035362
0 0.396178 0.58347 0.046488 0.061678
0 0.585744 0.446135 0.027893 0.033717
0 0.650568 0.537829 0.021178 0.029605
0 0.762138 0.438734 0.024277 0.035362
0 0.61751 0.261102 0.032541 0.018914
0 0.659607 0.264391 0.018595 0.018914
0 0.688017 0.219984 0.053719 0.058388
0 0.734504 0.307155 0.052686 0.053454
0 0.723399 0.264803 0.02531 0.018092
0 0.754649 0.216283 0.079545 0.049342
0 0.797262 0.330592 0.03874 0.039474
0 0.833678 0.342928 0.034091 0.044408
0 0.810692 0.285773 0.042872 0.041941
0 0.895919 0.264391 0.051136 0.060033
0 0.9672 0.397615 0.021178 0.027138
