0 0.283833 0.597862 0.044938 0.060855
0 0.12939 0.50699 0.020145 0.030428
0 0.146436 0.381579 0.013946 0.011513
0 0.375258 0.528372 0.023244 0.037007
0 0.414514 0.502467 0.027376 0.032895
0 0.48657 0.460115 0.021694 0.035362
0 0.538998 0.550164 0.026343 0.023026
0 0.665289 0.449424 0.022727 0.022204
0 0.283058 0.389391 0.029959 0.023849
0 0.250258 0.315789 0.010847 0.008224
0 0.227531 0.258635 0.024277 0.01727
0 0.398244 0.323191 0.02376 0.023026
0 0.542355 0.276316 0.024793 0.019737
0 0.747934 0.354441 0.032025 0.039474
0 0.717975 0.335115 0.040289 0.035362
0 0.654442 0.317845 0.051653 0.055099
0 0.584711 0.280428 0.018595 0.026316
0 0.619318 0.231086 0.053719 0.057566
0 0.403667 0.235609 0.021178 0.027138
0 0.875775 0.406661 0.02531 0.028783
