0 0.394628 0.585526 0.048554 0.060855
0 0.478564 0.515214 0.019112 0.038651
0 0.518595 0.492188 0.033058 0.028783
0 0.582903 0.446957 0.026343 0.037007
0 0.647469 0.53824 0.021178 0.020559
0 0.760072 0.439967 0.020145 0.024671
0 0.37061 0.375 0.026343 0.026316
0 0.479081 0.310444 0.024277 0.020559
0 0.471591 0.223684 0.020661 0.026316
0 0.618543 0.262336 0.027376 0.024671
0 0.690341 0.222039 0.052169 0.0625
0 0.659349 0.264391 0.016012 0.015625
0 0.737603 0.303454 0.048554 0.044408
0 0.715651 0.266447 0.033574 0.036184
0 0.832128 0.342105 0.025826 0.050987
0 0.798295 0.323191 0.03564 0.037829
0 0.972882 0.402138 0.037707 0.032895
0 0.225207 0.493832 0.020661 0.030428
0 0.229339 0.365132 0.015496 0.013158
0 0.325413 0.300576 0.01343 0.01398
0 0.293647 0.24301 0.024277 0.023849
