0 0.227014 0.495477 0.028409 0.032072
0 0.228048 0.368421 0.012913 0.019737
0 0.369576 0.377056 0.029442 0.028783
0 0.325671 0.30222 0.018079 0.01398
0 0.293647 0.243832 0.022211 0.01727
0 0.474948 0.310033 0.028409 0.021382
0 0.472107 0.222039 0.020661 0.029605
0 0.518079 0.48972 0.027893 0.032072
0 0.478048 0.514391 0.020145 0.035362
0 0.396178 0.58347 0.046488 0.061678
0 0.585744 0.446135 0.027893 0.033717
0 0.650568 0.537829 0.021178 0.029605
0 0.762138 0.438734 0.024277 0.035362
0 0.61751 0.261102 0.032541 0.018914
0 0.659607 0.264391 0.018595 0.018914
0 0.688017 0.219984 0.053719 0.058388
0 0.734504 0.307155 0.052686 0.053454
0 0.723399 0.264803 0.02531 0.018092
0 0.754649 0.216283 0.079545 0.049342
0 0.797262 0.330592 0.03874 0.039474
0 0.833678 0.342928 0.034091 0.044408
0 0.810692 0.285773 0.042872 0.041941
0 0.895919 0.264391 0.051136 0.060033
0 0.9672 0.397615 0.021178 0.027138
1 0.351756 0.55551 0.067149 0.091283
1 0.204029 0.479852 0.030992 0.032072
1 0.209969 0.362253 0.037707 0.046875
1 0.346333 0.365132 0.033574 0.027961
1 0.456095 0.503701 0.032025 0.050164
1 0.48812 0.473684 0.038223 0.042763
1 0.557076 0.434622 0.033574 0.051809
1 0.635331 0.530428 0.02376 0.032895
1 0.306043 0.298109 0.036674 0.022204
1 0.28874 0.233141 0.033058 0.018914
1 0.460486 0.304276 0.024277 0.037829
1 0.461002 0.211349 0.016012 0.023026
1 0.743285 0.425164 0.020661 0.032895
1 0.601756 0.252878 0.021694 0.030428
1 0.649793 0.195724 0.065083 0.078947
1 0.64437 0.26028 0.023244 0.030428
1 0.69499 0.280839 0.0625 0.066612
1 0.703512 0.251645 0.021694 0.024671
1 0.731921 0.1875 0.063017 0.069079
1 0.787707 0.265625 0.035124 0.046053
1 0.782541 0.304688 0.041322 0.043586
1 0.80811 0.32648 0.027376 0.046053
1 0.86157 0.233141 0.055785 0.068257
1 0.950413 0.38898 0.018595 0.026316
