0 0.39437 0.584293 0.044938 0.050164
0 0.478564 0.516447 0.022211 0.042763
0 0.513688 0.491365 0.028409 0.028783
0 0.36751 0.377878 0.034607 0.028783
0 0.323864 0.303454 0.027893 0.023026
0 0.4703 0.219572 0.028409 0.024671
0 0.477273 0.310855 0.024793 0.024671
0 0.582645 0.446546 0.029959 0.036184
0 0.648244 0.53824 0.018595 0.018914
0 0.732955 0.308799 0.054752 0.051809
0 0.61906 0.261924 0.02531 0.020559
0 0.659866 0.264803 0.023244 0.018092
0 0.688017 0.222862 0.054752 0.057566
0 0.769112 0.217516 0.047521 0.051809
0 0.81405 0.285362 0.041322 0.047697
0 0.82593 0.259046 0.012397 0.013158
0 0.898502 0.259457 0.061467 0.051809
0 0.796746 0.330181 0.033574 0.035362
0 0.838068 0.345395 0.047004 0.046053
0 0.760847 0.439145 0.025826 0.032895
0 0.966167 0.398438 0.024277 0.035362
0 0.71436 0.272615 0.041322 0.038651
0 0.713326 0.27097 0.041322 0.038651
