0 0.226756 0.49301 0.02686 0.030428
0 0.227789 0.366365 0.015496 0.020559
0 0.371643 0.378289 0.040806 0.027961
0 0.322572 0.300987 0.01188 0.013158
0 0.474948 0.317434 0.023244 0.03125
0 0.300103 0.239309 0.035124 0.021382
0 0.472882 0.217516 0.021178 0.023849
0 0.618285 0.261924 0.022727 0.020559
0 0.586002 0.448191 0.033574 0.042763
0 0.477789 0.522204 0.022727 0.039474
0 0.516529 0.491365 0.035124 0.027138
0 0.649793 0.537829 0.02376 0.021382
0 0.687758 0.222039 0.056302 0.057566
0 0.659607 0.266036 0.020661 0.009046
0 0.732696 0.300576 0.051136 0.050164
0 0.770919 0.44449 0.039773 0.033717
0 0.896952 0.256168 0.044938 0.055099
0 0.760331 0.217928 0.073347 0.047697
0 0.966942 0.398026 0.024793 0.027961
0 0.926653 0.429688 0.032025 0.023849
0 0.81689 0.287829 0.041839 0.044408
0 0.799587 0.328536 0.045455 0.035362
0 0.835227 0.330181 0.028926 0.022204
0 0.393853 0.585526 0.054236 0.050987
