0 0.128099 0.508635 0.022727 0.033717
0 0.145661 0.380345 0.015496 0.012336
0 0.283574 0.595806 0.047521 0.051809
0 0.374225 0.529194 0.021178 0.040296
0 0.414773 0.502878 0.029959 0.025493
0 0.284091 0.388569 0.032025 0.020559
0 0.24561 0.316612 0.021178 0.011513
0 0.225465 0.258635 0.027376 0.020559
0 0.395403 0.325658 0.030475 0.021382
0 0.40031 0.237253 0.02376 0.027138
0 0.487087 0.460115 0.020661 0.033717
0 0.541839 0.551809 0.021694 0.016447
0 0.663481 0.448191 0.016012 0.021382
0 0.54313 0.275493 0.018079 0.016447
0 0.584711 0.276316 0.022727 0.016447
0 0.614153 0.231086 0.051653 0.059211
0 0.65186 0.318257 0.054752 0.047697
0 0.63843 0.284539 0.034091 0.029605
0 0.685692 0.234375 0.07593 0.052632
0 0.713326 0.340461 0.036157 0.032895
0 0.745868 0.354852 0.039256 0.043586
0 0.735021 0.296464 0.041322 0.046875
0 0.757748 0.276316 0.019628 0.014803
0 0.820764 0.275905 0.05062 0.061678
0 0.876291 0.409951 0.024277 0.025493
1 0.136622 0.490954 0.020145 0.036184
1 0.158316 0.364309 0.013946 0.03125
1 0.315083 0.555099 0.061983 0.09375
1 0.291322 0.374178 0.034091 0.036184
1 0.249225 0.307977 0.024277 0.018914
1 0.231147 0.247944 0.032541 0.020559
1 0.408058 0.307155 0.028926 0.041941
1 0.41219 0.220806 0.02376 0.027138
1 0.389721 0.50699 0.022211 0.055099
1 0.427169 0.478618 0.032025 0.050987
1 0.498967 0.44449 0.033058 0.051809
1 0.548037 0.531661 0.025826 0.027138
1 0.675103 0.432155 0.032025 0.033717
1 0.550362 0.26028 0.022211 0.027138
1 0.631457 0.195724 0.056302 0.064145
1 0.670713 0.289062 0.045971 0.071546
1 0.649535 0.26398 0.032541 0.032895
1 0.699122 0.205181 0.074897 0.071546
1 0.76343 0.262336 0.035124 0.034539
1 0.738378 0.273849 0.036674 0.041118
1 0.725207 0.321957 0.046488 0.030428
1 0.757748 0.32977 0.036157 0.055921
1 0.833678 0.238898 0.044421 0.069901
1 0.886364 0.398849 0.02686 0.029605
