0 0.283574 0.599918 0.042355 0.058388
0 0.129649 0.510691 0.019628 0.034539
0 0.148244 0.379523 0.021694 0.01727
0 0.285382 0.389391 0.03564 0.028783
0 0.241994 0.316612 0.014979 0.014803
0 0.22624 0.254523 0.02376 0.020559
0 0.395145 0.321135 0.029959 0.027138
0 0.394886 0.231908 0.031508 0.016447
0 0.374483 0.530016 0.017562 0.028783
0 0.413998 0.50699 0.03564 0.033717
0 0.491219 0.462171 0.039256 0.037829
0 0.540031 0.274671 0.020145 0.014803
0 0.543905 0.546053 0.02686 0.03125
0 0.584711 0.277549 0.015496 0.015625
0 0.674845 0.455592 0.03564 0.037829
0 0.836519 0.442434 0.032541 0.024671
0 0.87939 0.407895 0.026343 0.021382
0 0.652376 0.322368 0.056818 0.052632
0 0.639205 0.277549 0.03874 0.027138
0 0.616219 0.234786 0.056818 0.055099
0 0.68595 0.233141 0.07438 0.051809
0 0.735795 0.296875 0.043905 0.041118
0 0.750258 0.352796 0.030475 0.041118
0 0.711777 0.340049 0.045455 0.027138
0 0.823089 0.267681 0.053202 0.051809
