0 0.283574 0.599918 0.042355 0.058388
0 0.129649 0.510691 0.019628 0.034539
0 0.148244 0.379523 0.021694 0.01727
0 0.285382 0.389391 0.03564 0.028783
0 0.241994 0.316612 0.014979 0.014803
0 0.22624 0.254523 0.02376 0.020559
0 0.395145 0.321135 0.029959 0.027138
0 0.394886 0.231908 0.031508 0.016447
0 0.374483 0.530016 0.017562 0.028783
0 0.413998 0.50699 0.03564 0.033717
0 0.491219 0.462171 0.039256 0.037829
0 0.540031 0.274671 0.020145 0.014803
0 0.543905 0.546053 0.02686 0.03125
0 0.584711 0.277549 0.015496 0.015625
0 0.674845 0.455592 0.03564 0.037829
0 0.836519 0.442434 0.032541 0.024671
0 0.87939 0.407895 0.026343 0.021382
0 0.652376 0.322368 0.056818 0.052632
0 0.639205 0.277549 0.03874 0.027138
0 0.616219 0.234786 0.056818 0.055099
0 0.68595 0.233141 0.07438 0.051809
0 0.735795 0.296875 0.043905 0.041118
0 0.750258 0.352796 0.030475 0.041118
0 0.711777 0.340049 0.045455 0.027138
0 0.823089 0.267681 0.053202 0.051809
1 0.107955 0.531661 0.042355 0.040296
1 0.252841 0.728207 0.104855 0.20148
1 0.374225 0.560855 0.03564 0.046053
1 0.41064 0.547697 0.038223 0.057566
1 0.264721 0.418997 0.039773 0.043586
1 0.125 0.417763 0.072314 0.049342
1 0.234504 0.333882 0.022727 0.021382
1 0.21436 0.271382 0.033058 0.019737
1 0.393853 0.255757 0.027376 0.029605
1 0.390496 0.353207 0.025826 0.04852
1 0.491736 0.498766 0.046488 0.037007
1 0.539514 0.577303 0.026343 0.036184
1 0.678719 0.494243 0.038223 0.050987
1 0.543647 0.290296 0.026343 0.019737
1 0.662448 0.382401 0.064566 0.082237
1 0.587035 0.297697 0.022211 0.023026
1 0.626808 0.290296 0.054236 0.055921
1 0.646178 0.300576 0.051653 0.010691
1 0.69499 0.270559 0.077996 0.024671
1 0.747676 0.328536 0.065599 0.020559
1 0.746126 0.400493 0.090393 0.09375
1 0.759298 0.372533 0.034091 0.039474
1 0.84375 0.31949 0.094525 0.068257
1 0.845041 0.467105 0.03719 0.036184
1 0.891271 0.444901 0.060434 0.057566
