0 0.128099 0.508635 0.022727 0.033717
0 0.145661 0.380345 0.015496 0.012336
0 0.283574 0.595806 0.047521 0.051809
0 0.374225 0.529194 0.021178 0.040296
0 0.414773 0.502878 0.029959 0.025493
0 0.284091 0.388569 0.032025 0.020559
0 0.24561 0.316612 0.021178 0.011513
0 0.225465 0.258635 0.027376 0.020559
0 0.395403 0.325658 0.030475 0.021382
0 0.40031 0.237253 0.02376 0.027138
0 0.487087 0.460115 0.020661 0.033717
0 0.541839 0.551809 0.021694 0.016447
0 0.663481 0.448191 0.016012 0.021382
0 0.54313 0.275493 0.018079 0.016447
0 0.584711 0.276316 0.022727 0.016447
0 0.614153 0.231086 0.051653 0.059211
0 0.65186 0.318257 0.054752 0.047697
0 0.63843 0.284539 0.034091 0.029605
0 0.685692 0.234375 0.07593 0.052632
0 0.713326 0.340461 0.036157 0.032895
0 0.745868 0.354852 0.039256 0.043586
0 0.735021 0.296464 0.041322 0.046875
0 0.757748 0.276316 0.019628 0.014803
0 0.820764 0.275905 0.05062 0.061678
0 0.876291 0.409951 0.024277 0.025493
