0 0.283316 0.598684 0.042872 0.0625
0 0.374742 0.529605 0.020145 0.039474
0 0.416839 0.502056 0.036157 0.030428
0 0.489669 0.458882 0.02686 0.034539
0 0.131715 0.50699 0.025826 0.028783
0 0.145919 0.381168 0.014979 0.01398
0 0.282025 0.388569 0.028926 0.027138
0 0.247159 0.314556 0.014979 0.012336
0 0.225465 0.256579 0.024277 0.018092
0 0.398502 0.32278 0.028409 0.023849
0 0.402634 0.231086 0.019112 0.027961
0 0.542614 0.549342 0.030475 0.024671
0 0.542872 0.272204 0.029959 0.016447
0 0.65031 0.318257 0.055785 0.052632
0 0.587293 0.278783 0.018595 0.019737
0 0.614928 0.231497 0.053202 0.055099
0 0.685692 0.22903 0.079029 0.04852
0 0.647469 0.275082 0.02531 0.01727
0 0.716684 0.342105 0.03564 0.036184
0 0.73812 0.297286 0.044421 0.041941
0 0.748709 0.356086 0.031508 0.044408
0 0.757748 0.272204 0.021694 0.011513
0 0.820506 0.273849 0.048037 0.050987
0 0.877841 0.405839 0.023244 0.027138
0 0.665548 0.450247 0.030475 0.027138
