0 0.395403 0.58676 0.050103 0.053454
0 0.22624 0.496299 0.02686 0.037007
0 0.368543 0.375822 0.028409 0.027961
0 0.229081 0.36801 0.012913 0.01398
0 0.293647 0.242188 0.020145 0.018914
0 0.322056 0.301809 0.016012 0.011513
0 0.477273 0.312089 0.033058 0.020559
0 0.58187 0.446135 0.028409 0.040296
0 0.480114 0.516859 0.019112 0.032072
0 0.516529 0.488898 0.036157 0.025493
0 0.649535 0.54153 0.024277 0.025493
0 0.470816 0.221628 0.024277 0.025493
0 0.617252 0.262747 0.024793 0.020559
0 0.761622 0.4375 0.019112 0.024671
0 0.732438 0.307977 0.055785 0.04852
0 0.659091 0.266447 0.021694 0.018092
0 0.688017 0.221217 0.056818 0.055921
0 0.757231 0.218339 0.078512 0.04852
0 0.798554 0.327303 0.03719 0.03125
0 0.831353 0.345806 0.033574 0.043586
0 0.813017 0.287007 0.038223 0.042763
0 0.833419 0.267681 0.017045 0.025493
0 0.896178 0.266036 0.049587 0.063322
0 0.966167 0.397615 0.022211 0.032072
0 0.714876 0.271793 0.043388 0.028783
1 0.228306 0.47574 0.024793 0.041941
1 0.416322 0.542352 0.056818 0.084704
1 0.243027 0.349918 0.029442 0.035362
1 0.373709 0.360197 0.033574 0.037829
1 0.31999 0.291118 0.027376 0.019737
1 0.296229 0.23273 0.031508 0.014803
1 0.482696 0.294819 0.031508 0.030428
1 0.477789 0.207648 0.030992 0.020559
1 0.488895 0.492599 0.021178 0.049342
1 0.52531 0.467516 0.030992 0.053454
1 0.5922 0.428043 0.030475 0.043586
1 0.657025 0.519737 0.022727 0.037829
1 0.768595 0.42352 0.034091 0.041118
1 0.618027 0.250822 0.029442 0.034539
1 0.665031 0.261513 0.027376 0.024671
1 0.699122 0.178865 0.056302 0.068257
1 0.719783 0.248766 0.042872 0.025493
1 0.748967 0.275905 0.055785 0.068257
1 0.76343 0.186678 0.073347 0.060855
1 0.817924 0.256168 0.039773 0.050164
1 0.839876 0.254523 0.036157 0.025493
1 0.804494 0.310855 0.039773 0.029605
1 0.838068 0.320724 0.041839 0.065789
1 0.969267 0.386102 0.029442 0.030428
1 0.901343 0.22574 0.052686 0.064967
