0 0.226756 0.49301 0.02686 0.030428
0 0.227789 0.366365 0.015496 0.020559
0 0.371643 0.378289 0.040806 0.027961
0 0.322572 0.300987 0.01188 0.013158
0 0.474948 0.317434 0.023244 0.03125
0 0.300103 0.239309 0.035124 0.021382
0 0.472882 0.217516 0.021178 0.023849
0 0.618285 0.261924 0.022727 0.020559
0 0.586002 0.448191 0.033574 0.042763
0 0.477789 0.522204 0.022727 0.039474
0 0.516529 0.491365 0.035124 0.027138
0 0.649793 0.537829 0.02376 0.021382
0 0.687758 0.222039 0.056302 0.057566
0 0.659607 0.266036 0.020661 0.009046
0 0.732696 0.300576 0.051136 0.050164
0 0.770919 0.44449 0.039773 0.033717
0 0.896952 0.256168 0.044938 0.055099
0 0.760331 0.217928 0.073347 0.047697
0 0.966942 0.398026 0.024793 0.027961
0 0.926653 0.429688 0.032025 0.023849
0 0.81689 0.287829 0.041839 0.044408
0 0.799587 0.328536 0.045455 0.035362
0 0.835227 0.330181 0.028926 0.022204
1 0.207645 0.519737 0.044421 0.034539
0 0.393853 0.585526 0.054236 0.050987
1 0.371901 0.70148 0.081612 0.195724
1 0.215393 0.405428 0.052686 0.052632
1 0.356663 0.407484 0.051136 0.037007
1 0.314566 0.314145 0.024793 0.027961
1 0.284866 0.25699 0.034607 0.01727
1 0.47314 0.340049 0.022727 0.032072
1 0.464618 0.244655 0.024277 0.027138
1 0.651343 0.565378 0.032025 0.035362
1 0.587552 0.48273 0.03874 0.037829
1 0.513171 0.533717 0.036674 0.0625
1 0.477531 0.557566 0.024277 0.046053
1 0.77376 0.481497 0.048554 0.041941
1 0.747159 0.367188 0.087293 0.087993
1 0.615961 0.281661 0.021178 0.022204
1 0.662707 0.285773 0.022727 0.022204
1 0.702221 0.277961 0.064566 0.059211
1 0.769112 0.257401 0.078512 0.042763
1 0.832903 0.387747 0.101756 0.102796
1 0.842975 0.360609 0.029959 0.04523
1 0.829804 0.317023 0.056302 0.025493
1 0.834969 0.275493 0.018079 0.023026
1 0.926911 0.311678 0.08936 0.064145
1 0.929752 0.455592 0.048554 0.039474
1 0.984246 0.438734 0.030475 0.037007
