0 0.283058 0.595395 0.041322 0.054276
0 0.375258 0.529194 0.020145 0.035362
0 0.411674 0.503289 0.02686 0.029605
0 0.28125 0.390214 0.032541 0.032072
0 0.247676 0.317434 0.019112 0.018092
0 0.396178 0.324424 0.025826 0.025493
0 0.40031 0.231086 0.02376 0.018092
0 0.485795 0.458059 0.02531 0.037829
0 0.540031 0.552632 0.021178 0.024671
0 0.667355 0.449836 0.027893 0.027961
0 0.539773 0.270559 0.022727 0.018092
0 0.584452 0.279194 0.019112 0.018914
0 0.612345 0.232319 0.053202 0.056743
0 0.652634 0.319901 0.054236 0.049342
0 0.635847 0.282072 0.046488 0.034539
0 0.704804 0.231497 0.047004 0.051809
0 0.715134 0.342105 0.039773 0.036184
0 0.733213 0.293586 0.034607 0.037829
0 0.748967 0.273026 0.020661 0.023026
0 0.81844 0.268914 0.051136 0.047697
0 0.875258 0.408717 0.026343 0.037829
0 0.751291 0.353207 0.041839 0.046875
1 0.369835 0.642681 0.160124 0.071546
1 0.417614 0.548931 0.0625 0.022204
1 0.452221 0.51398 0.072831 0.027961
1 0.320248 0.397615 0.056818 0.025493
1 0.268595 0.320724 0.030992 0.018092
1 0.443182 0.337993 0.071281 0.018092
1 0.430269 0.239309 0.046488 0.016447
1 0.734504 0.465461 0.106405 0.037829
1 0.529959 0.46875 0.072314 0.026316
1 0.567149 0.559211 0.033058 0.016447
1 0.561725 0.277961 0.029442 0.011513
1 0.606663 0.28824 0.030475 0.015625
1 0.649535 0.245477 0.03564 0.023849
1 0.688275 0.287007 0.059401 0.021382
1 0.753099 0.333059 0.16219 0.018092
1 0.800362 0.351151 0.074897 0.011513
1 0.819731 0.367188 0.113636 0.015625
1 0.912965 0.414885 0.050103 0.027138
1 0.78125 0.23602 0.137913 0.029605
1 0.820764 0.303865 0.13843 0.030428
1 0.892562 0.277549 0.094008 0.020559
1 0.780475 0.275082 0.038223 0.018914
