0 0.360279 0.120066 0.01188 0.014803
0 0.397727 0.151316 0.019628 0.019737
0 0.434143 0.224507 0.027376 0.032895
0 0.461777 0.233964 0.01343 0.01398
0 0.480114 0.206826 0.01188 0.020559
0 0.500258 0.196135 0.016012 0.01727
0 0.468492 0.124178 0.015496 0.014803
0 0.459194 0.080592 0.017562 0.018092
0 0.54313 0.180099 0.017045 0.021382
0 0.582386 0.215461 0.013946 0.009868
0 0.562242 0.099918 0.013946 0.01398
0 0.593233 0.150082 0.013946 0.012336
0 0.590134 0.10403 0.013946 0.01398
0 0.653409 0.175576 0.015496 0.022204
0 0.640238 0.117188 0.033574 0.033717
0 0.629649 0.104852 0.033058 0.015625
0 0.610021 0.077303 0.03719 0.041118
0 0.66968 0.081414 0.031508 0.036184
0 0.68156 0.129112 0.022211 0.021382
0 0.706353 0.136924 0.029442 0.030428
0 0.69499 0.109375 0.02531 0.029605
0 0.705837 0.099095 0.010847 0.009046
0 0.749742 0.094984 0.032541 0.030428
0 0.786932 0.162829 0.017045 0.018092
1 0.377583 0.122533 0.021694 0.011513
1 0.425878 0.158717 0.036674 0.019737
1 0.480372 0.242188 0.065083 0.023849
1 0.478306 0.23972 0.012397 0.009046
1 0.503874 0.215461 0.039773 0.014803
1 0.529442 0.203947 0.041322 0.018092
1 0.499483 0.130757 0.046488 0.014803
1 0.478564 0.08347 0.028409 0.012336
1 0.567407 0.182977 0.040806 0.015625
1 0.59814 0.217105 0.017562 0.006579
1 0.573864 0.105674 0.01343 0.012336
1 0.606663 0.107319 0.023244 0.009046
1 0.609246 0.150082 0.017045 0.007401
1 0.688017 0.183799 0.06095 0.020559
1 0.661157 0.129934 0.022727 0.016447
1 0.641271 0.083059 0.030475 0.026316
1 0.713843 0.084293 0.055785 0.022204
1 0.750775 0.112664 0.073864 0.016447
1 0.795455 0.105674 0.06095 0.015625
1 0.811209 0.164062 0.030475 0.015625
1 0.739928 0.130757 0.041839 0.011513
1 0.747417 0.14597 0.078512 0.010691
