0 0.31689 0.20477 0.012913 0.021382
0 0.39876 0.151316 0.014463 0.016447
0 0.305785 0.146382 0.007231 0.006579
0 0.433626 0.222451 0.031508 0.028783
0 0.338843 0.091283 0.019628 0.013158
0 0.458936 0.079359 0.016012 0.01727
0 0.469008 0.124589 0.015496 0.01398
0 0.501808 0.197368 0.018079 0.018092
0 0.479081 0.207648 0.01188 0.012336
0 0.543647 0.18051 0.023244 0.023849
0 0.562242 0.102385 0.012913 0.009046
0 0.584452 0.213405 0.013946 0.010691
0 0.623967 0.150493 0.014463 0.008224
0 0.5922 0.102796 0.008781 0.009868
0 0.612087 0.077303 0.036157 0.042763
0 0.6578 0.076069 0.053202 0.033717
0 0.655217 0.174342 0.013946 0.011513
0 0.639721 0.118421 0.03564 0.032895
0 0.682593 0.128701 0.02531 0.020559
0 0.704029 0.133224 0.02376 0.023026
0 0.696281 0.110197 0.022727 0.026316
0 0.750517 0.097039 0.035124 0.032895
0 0.787965 0.162007 0.01188 0.014803
0 0.756198 0.176809 0.017562 0.011513
1 0.303719 0.212993 0.020661 0.016447
1 0.428461 0.24301 0.039773 0.018914
1 0.477531 0.224507 0.017045 0.019737
1 0.498967 0.215049 0.019628 0.022204
1 0.543905 0.19778 0.020661 0.015625
1 0.296746 0.164474 0.031508 0.027961
1 0.328771 0.10074 0.023244 0.015625
1 0.454287 0.094984 0.020145 0.01727
1 0.392562 0.167352 0.024793 0.018914
1 0.465651 0.139391 0.012913 0.020559
1 0.584194 0.22574 0.01343 0.01727
1 0.561725 0.111431 0.016012 0.015625
1 0.590909 0.113487 0.014463 0.014803
1 0.613895 0.112664 0.03874 0.032895
1 0.663481 0.097451 0.059401 0.020559
1 0.649019 0.147204 0.045971 0.03125
1 0.66064 0.193257 0.021694 0.024671
1 0.705062 0.157484 0.059917 0.043586
1 0.713326 0.149671 0.029959 0.021382
1 0.710486 0.127467 0.031508 0.021382
1 0.767045 0.188322 0.015496 0.016447
1 0.797779 0.183388 0.026343 0.029605
1 0.767304 0.125822 0.056302 0.026316
