0 0.252066 0.216694 0.01343 0.01727
0 0.249225 0.16324 0.01188 0.01398
0 0.365186 0.236431 0.030992 0.030428
0 0.339876 0.165707 0.012397 0.01398
0 0.307851 0.134457 0.007231 0.012336
0 0.28719 0.103207 0.019628 0.010691
0 0.413998 0.221628 0.009814 0.018914
0 0.436725 0.209704 0.02531 0.019737
0 0.412965 0.137336 0.018079 0.019737
0 0.408316 0.095395 0.016012 0.021382
0 0.483213 0.194079 0.026343 0.023026
0 0.51782 0.225329 0.019112 0.008224
0 0.509298 0.115543 0.015496 0.010691
0 0.538223 0.117188 0.014463 0.010691
0 0.563275 0.162829 0.021178 0.011513
0 0.5922 0.186266 0.021178 0.018914
0 0.583419 0.129523 0.032541 0.033717
0 0.558368 0.091694 0.038223 0.041941
0 0.607955 0.090872 0.049587 0.040296
0 0.646694 0.144737 0.021694 0.026316
0 0.626808 0.141447 0.029442 0.019737
0 0.642045 0.122533 0.025826 0.024671
0 0.698089 0.109375 0.036674 0.03125
0 0.725981 0.173931 0.012913 0.01398
1 0.243802 0.230263 0.02686 0.013158
1 0.237345 0.182566 0.037707 0.027961
1 0.276085 0.112664 0.020145 0.006579
1 0.364669 0.254934 0.029959 0.019737
1 0.330837 0.179688 0.028409 0.01398
1 0.29907 0.14227 0.009298 0.013158
1 0.403926 0.106086 0.017562 0.011513
1 0.410382 0.236431 0.013946 0.01727
1 0.434659 0.229441 0.021178 0.019737
1 0.482955 0.208882 0.02376 0.016447
1 0.518079 0.235609 0.018595 0.01727
1 0.408058 0.152549 0.018595 0.020559
1 0.596074 0.203947 0.019628 0.021382
1 0.513946 0.126645 0.01343 0.009868
1 0.591426 0.160773 0.042355 0.032072
1 0.561983 0.172697 0.020661 0.008224
1 0.540548 0.125822 0.017045 0.011513
1 0.562758 0.124589 0.029442 0.033717
1 0.615702 0.113898 0.054752 0.018914
1 0.635847 0.162007 0.039256 0.024671
1 0.651085 0.17023 0.033574 0.029605
1 0.648502 0.136513 0.03564 0.013158
1 0.709194 0.136924 0.057851 0.025493
1 0.735279 0.191201 0.030475 0.025493
