0 0.315083 0.203536 0.01343 0.015625
0 0.305527 0.147204 0.009814 0.009868
0 0.336002 0.091283 0.019112 0.013158
0 0.399277 0.153372 0.016529 0.01727
0 0.362603 0.120066 0.011364 0.008224
0 0.433626 0.224095 0.030475 0.032072
0 0.478306 0.205592 0.011364 0.019737
0 0.502324 0.194901 0.022211 0.014803
0 0.54313 0.179688 0.017045 0.018914
0 0.467975 0.125 0.014463 0.014803
0 0.459969 0.081414 0.013946 0.016447
0 0.584711 0.215049 0.015496 0.01398
0 0.561983 0.101974 0.019628 0.016447
0 0.591167 0.103207 0.012913 0.010691
0 0.611054 0.075247 0.036157 0.037007
0 0.653151 0.176809 0.016012 0.016447
0 0.628099 0.106086 0.025826 0.018092
0 0.639721 0.119655 0.034607 0.028783
0 0.659349 0.077303 0.056302 0.032895
0 0.682076 0.128289 0.023244 0.021382
0 0.701963 0.136513 0.021694 0.026316
0 0.69189 0.108141 0.026343 0.030428
0 0.751033 0.098684 0.034091 0.037829
0 0.783833 0.162007 0.012913 0.013158
