0 0.253357 0.21875 0.016012 0.019737
0 0.247417 0.161184 0.010331 0.011513
0 0.341684 0.16653 0.016012 0.01727
0 0.365186 0.236842 0.027893 0.032895
0 0.285899 0.106908 0.016012 0.013158
0 0.306818 0.133635 0.011364 0.010691
0 0.414773 0.137747 0.018595 0.020559
0 0.409349 0.095395 0.012913 0.018092
0 0.412448 0.217928 0.012913 0.021382
0 0.438017 0.209293 0.017562 0.022204
0 0.478822 0.193257 0.015496 0.016447
0 0.517045 0.22574 0.014463 0.009046
0 0.592459 0.188322 0.014463 0.018092
0 0.507231 0.113898 0.018595 0.010691
0 0.539773 0.114309 0.01343 0.009868
0 0.558368 0.089638 0.038223 0.041118
0 0.580579 0.11472 0.019628 0.015625
0 0.584711 0.130757 0.035124 0.029605
0 0.606921 0.090049 0.053719 0.035362
0 0.624742 0.137747 0.018079 0.022204
0 0.645919 0.148438 0.021178 0.027138
0 0.639721 0.122944 0.022211 0.027138
0 0.650052 0.113487 0.010847 0.011513
0 0.696281 0.11102 0.036157 0.039474
0 0.72624 0.171875 0.011364 0.014803
