0 0.253616 0.218339 0.017562 0.020559
0 0.247159 0.162829 0.008781 0.011513
0 0.284607 0.106908 0.014463 0.013158
0 0.30656 0.134046 0.012913 0.013158
0 0.341426 0.166118 0.019628 0.014803
0 0.366477 0.237253 0.027376 0.035362
0 0.41374 0.220395 0.01343 0.019737
0 0.4375 0.210938 0.024793 0.022204
0 0.413481 0.136924 0.016012 0.015625
0 0.410124 0.094984 0.011364 0.018914
0 0.479597 0.190789 0.017045 0.016447
0 0.516271 0.229441 0.012913 0.013158
0 0.509814 0.115543 0.016529 0.01398
0 0.537448 0.115954 0.016012 0.011513
0 0.55811 0.088405 0.037707 0.038651
0 0.583936 0.128289 0.033574 0.029605
0 0.574897 0.116776 0.030992 0.016447
0 0.590393 0.187089 0.015496 0.01727
0 0.607696 0.090049 0.052169 0.038651
0 0.624742 0.141036 0.020145 0.027138
0 0.645145 0.148849 0.020661 0.027961
0 0.637913 0.123766 0.02376 0.020559
0 0.696798 0.11102 0.030992 0.036184
0 0.726498 0.174342 0.010847 0.014803
