0 0.253357 0.21875 0.016012 0.019737
0 0.247417 0.161184 0.010331 0.011513
0 0.341684 0.16653 0.016012 0.01727
0 0.365186 0.236842 0.027893 0.032895
0 0.285899 0.106908 0.016012 0.013158
0 0.306818 0.133635 0.011364 0.010691
0 0.414773 0.137747 0.018595 0.020559
0 0.409349 0.095395 0.012913 0.018092
0 0.412448 0.217928 0.012913 0.021382
0 0.438017 0.209293 0.017562 0.022204
0 0.478822 0.193257 0.015496 0.016447
0 0.517045 0.22574 0.014463 0.009046
0 0.592459 0.188322 0.014463 0.018092
0 0.507231 0.113898 0.018595 0.010691
0 0.539773 0.114309 0.01343 0.009868
0 0.558368 0.089638 0.038223 0.041118
0 0.580579 0.11472 0.019628 0.015625
0 0.584711 0.130757 0.035124 0.029605
0 0.606921 0.090049 0.053719 0.035362
0 0.624742 0.137747 0.018079 0.022204
0 0.645919 0.148438 0.021178 0.027138
0 0.639721 0.122944 0.022211 0.027138
0 0.650052 0.113487 0.010847 0.011513
0 0.696281 0.11102 0.036157 0.039474
0 0.72624 0.171875 0.011364 0.014803
1 0.238378 0.215872 0.021178 0.015625
1 0.33781 0.235609 0.041322 0.035362
1 0.232955 0.163651 0.021694 0.019737
1 0.327221 0.162007 0.014979 0.019737
1 0.273244 0.102385 0.012397 0.012336
1 0.300362 0.131579 0.01188 0.009868
1 0.402634 0.138569 0.016012 0.022204
1 0.401343 0.21875 0.021694 0.021382
1 0.420196 0.206826 0.022211 0.018914
1 0.399793 0.090461 0.009298 0.019737
1 0.465651 0.192845 0.019112 0.022204
1 0.508006 0.225329 0.012913 0.011513
1 0.500775 0.113898 0.010847 0.012336
1 0.530992 0.115132 0.01343 0.014803
1 0.53125 0.07977 0.031508 0.047697
1 0.560176 0.124589 0.023244 0.032072
1 0.569215 0.113898 0.014463 0.01727
1 0.592459 0.081003 0.030992 0.028783
1 0.582645 0.185444 0.010331 0.012336
1 0.609246 0.136102 0.021178 0.01727
1 0.625258 0.11472 0.018079 0.018914
1 0.638171 0.144326 0.007748 0.018914
1 0.678202 0.103618 0.021694 0.037829
1 0.717975 0.171464 0.008264 0.012336
