0 0.252066 0.216694 0.01343 0.01727
0 0.249225 0.16324 0.01188 0.01398
0 0.365186 0.236431 0.030992 0.030428
0 0.339876 0.165707 0.012397 0.01398
0 0.307851 0.134457 0.007231 0.012336
0 0.28719 0.103207 0.019628 0.010691
0 0.413998 0.221628 0.009814 0.018914
0 0.436725 0.209704 0.02531 0.019737
0 0.412965 0.137336 0.018079 0.019737
0 0.408316 0.095395 0.016012 0.021382
0 0.483213 0.194079 0.026343 0.023026
0 0.51782 0.225329 0.019112 0.008224
0 0.509298 0.115543 0.015496 0.010691
0 0.538223 0.117188 0.014463 0.010691
0 0.563275 0.162829 0.021178 0.011513
0 0.5922 0.186266 0.021178 0.018914
0 0.583419 0.129523 0.032541 0.033717
0 0.558368 0.091694 0.038223 0.041941
0 0.607955 0.090872 0.049587 0.040296
0 0.646694 0.144737 0.021694 0.026316
0 0.626808 0.141447 0.029442 0.019737
0 0.642045 0.122533 0.025826 0.024671
0 0.698089 0.109375 0.036674 0.03125
0 0.725981 0.173931 0.012913 0.01398
