0 0.316632 0.203536 0.01343 0.015625
0 0.306818 0.14597 0.010331 0.010691
0 0.436209 0.225329 0.02531 0.027961
0 0.478306 0.20477 0.01343 0.021382
0 0.503099 0.194901 0.016529 0.018092
0 0.544163 0.180921 0.014979 0.019737
0 0.584711 0.215049 0.012397 0.010691
0 0.400568 0.151727 0.019112 0.01727
0 0.361829 0.119243 0.007748 0.009868
0 0.334969 0.089638 0.017045 0.013158
0 0.467717 0.124178 0.017045 0.014803
0 0.458936 0.07977 0.016012 0.014803
0 0.561983 0.102385 0.015496 0.01727
0 0.652634 0.17352 0.016012 0.019737
0 0.593492 0.104852 0.011364 0.010691
0 0.610537 0.078947 0.036157 0.036184
0 0.640496 0.11801 0.03719 0.032072
0 0.633523 0.09375 0.018079 0.016447
0 0.662965 0.076891 0.050103 0.030428
0 0.705062 0.13528 0.022727 0.027138
0 0.678977 0.124178 0.02531 0.024671
0 0.697314 0.112664 0.02376 0.024671
0 0.707903 0.098273 0.01188 0.012336
0 0.751291 0.101974 0.032541 0.039474
0 0.785899 0.159539 0.014979 0.013158
1 0.307593 0.20148 0.010847 0.013158
1 0.40625 0.22574 0.047004 0.032072
1 0.465651 0.205592 0.018079 0.019737
1 0.483213 0.193257 0.028409 0.016447
1 0.527634 0.179688 0.019112 0.018914
1 0.570248 0.212171 0.011364 0.008224
1 0.29313 0.152961 0.026343 0.023026
1 0.385847 0.14926 0.018595 0.015625
1 0.350207 0.120066 0.020661 0.008224
1 0.322572 0.089638 0.006715 0.014803
1 0.527118 0.18051 0.017045 0.023849
1 0.453771 0.123355 0.013946 0.024671
1 0.452738 0.083059 0.012913 0.014803
1 0.550362 0.102385 0.014979 0.027138
1 0.584711 0.068257 0.041322 0.044408
1 0.579029 0.100329 0.018595 0.011513
1 0.615702 0.11472 0.034091 0.037007
1 0.621126 0.099095 0.016012 0.01727
1 0.639721 0.066612 0.033574 0.027961
1 0.666581 0.122122 0.013946 0.01727
1 0.643079 0.172697 0.01343 0.019737
1 0.680269 0.10773 0.018595 0.032895
1 0.694731 0.131579 0.009298 0.019737
1 0.696281 0.097039 0.015496 0.009868
1 0.728306 0.087993 0.028926 0.03125
1 0.7797 0.158717 0.009814 0.014803
