0 0.253616 0.218339 0.017562 0.020559
0 0.247159 0.162829 0.008781 0.011513
0 0.284607 0.106908 0.014463 0.013158
0 0.30656 0.134046 0.012913 0.013158
0 0.341426 0.166118 0.019628 0.014803
0 0.366477 0.237253 0.027376 0.035362
0 0.41374 0.220395 0.01343 0.019737
0 0.4375 0.210938 0.024793 0.022204
0 0.413481 0.136924 0.016012 0.015625
0 0.410124 0.094984 0.011364 0.018914
0 0.479597 0.190789 0.017045 0.016447
0 0.516271 0.229441 0.012913 0.013158
0 0.509814 0.115543 0.016529 0.01398
0 0.537448 0.115954 0.016012 0.011513
0 0.55811 0.088405 0.037707 0.038651
0 0.583936 0.128289 0.033574 0.029605
0 0.574897 0.116776 0.030992 0.016447
0 0.590393 0.187089 0.015496 0.01727
0 0.607696 0.090049 0.052169 0.038651
0 0.624742 0.141036 0.020145 0.027138
0 0.645145 0.148849 0.020661 0.027961
0 0.637913 0.123766 0.02376 0.020559
0 0.696798 0.11102 0.030992 0.036184
0 0.726498 0.174342 0.010847 0.014803
1 0.254907 0.214227 0.014979 0.012336
1 0.258006 0.161595 0.012913 0.007401
1 0.296229 0.099095 0.037707 0.009046
1 0.304236 0.129934 0.019628 0.008224
1 0.345041 0.159539 0.018595 0.014803
1 0.382748 0.231497 0.022727 0.028783
1 0.420971 0.218339 0.009298 0.01398
1 0.445248 0.203947 0.020661 0.014803
1 0.485279 0.1875 0.013946 0.018092
1 0.421488 0.132401 0.01343 0.016447
1 0.416581 0.090872 0.013946 0.01398
1 0.524019 0.222862 0.008781 0.008224
1 0.517304 0.111431 0.013946 0.01727
1 0.543647 0.11102 0.009814 0.009868
1 0.574638 0.078947 0.030475 0.042763
1 0.632748 0.08347 0.019628 0.043586
1 0.600465 0.123355 0.033574 0.046053
1 0.600465 0.184211 0.010847 0.016447
1 0.656508 0.144326 0.021694 0.032072
1 0.635847 0.130345 0.016529 0.015625
1 0.653151 0.115543 0.023244 0.027138
1 0.713326 0.10074 0.025826 0.041941
1 0.732438 0.168174 0.012397 0.015625
