0 0.364669 0.23972 0.02686 0.030428
0 0.340651 0.16653 0.020145 0.018914
0 0.414773 0.221217 0.01343 0.019737
0 0.4375 0.209704 0.016529 0.018092
0 0.303977 0.132812 0.009814 0.012336
0 0.408833 0.093339 0.013946 0.01727
0 0.412448 0.137747 0.017045 0.015625
0 0.479339 0.192434 0.015496 0.019737
0 0.51782 0.227385 0.013946 0.015625
0 0.591684 0.186678 0.016012 0.018092
0 0.537707 0.113487 0.01343 0.014803
0 0.510331 0.116365 0.015496 0.012336
0 0.583678 0.129523 0.03719 0.030428
0 0.557335 0.090872 0.036157 0.040296
0 0.575671 0.116776 0.027376 0.021382
0 0.619318 0.091283 0.032025 0.032895
0 0.623192 0.141036 0.022211 0.025493
0 0.64437 0.146382 0.022211 0.026316
0 0.637913 0.122944 0.024793 0.022204
0 0.696539 0.10773 0.03564 0.027961
0 0.72624 0.174342 0.014463 0.018092
1 0.414773 0.255345 0.076446 0.025493
1 0.365444 0.171875 0.036674 0.014803
1 0.438791 0.22903 0.040806 0.01398
1 0.464101 0.213816 0.039773 0.013158
1 0.536157 0.231086 0.019628 0.008224
1 0.503874 0.200247 0.040806 0.01727
1 0.321798 0.139803 0.02376 0.013158
1 0.443698 0.143914 0.043388 0.016447
1 0.427944 0.099095 0.029442 0.009046
1 0.523244 0.120477 0.012397 0.010691
1 0.626033 0.196135 0.054752 0.018914
1 0.554236 0.119655 0.017562 0.007401
1 0.58626 0.104852 0.039256 0.007401
1 0.659349 0.102385 0.070764 0.020559
1 0.647727 0.14227 0.108471 0.006579
1 0.686725 0.157072 0.090393 0.014803
1 0.713326 0.120888 0.119835 0.029605
1 0.732438 0.116365 0.035124 0.007401
1 0.749742 0.178865 0.029442 0.015625
