0 0.31689 0.20477 0.012913 0.021382
0 0.39876 0.151316 0.014463 0.016447
0 0.305785 0.146382 0.007231 0.006579
0 0.433626 0.222451 0.031508 0.028783
0 0.338843 0.091283 0.019628 0.013158
0 0.458936 0.079359 0.016012 0.01727
0 0.469008 0.124589 0.015496 0.01398
0 0.501808 0.197368 0.018079 0.018092
0 0.479081 0.207648 0.01188 0.012336
0 0.543647 0.18051 0.023244 0.023849
0 0.562242 0.102385 0.012913 0.009046
0 0.584452 0.213405 0.013946 0.010691
0 0.623967 0.150493 0.014463 0.008224
0 0.5922 0.102796 0.008781 0.009868
0 0.612087 0.077303 0.036157 0.042763
0 0.6578 0.076069 0.053202 0.033717
0 0.655217 0.174342 0.013946 0.011513
0 0.639721 0.118421 0.03564 0.032895
0 0.682593 0.128701 0.02531 0.020559
0 0.704029 0.133224 0.02376 0.023026
0 0.696281 0.110197 0.022727 0.026316
0 0.750517 0.097039 0.035124 0.032895
0 0.787965 0.162007 0.01188 0.014803
0 0.756198 0.176809 0.017562 0.011513
