0 0.316632 0.203536 0.01343 0.015625
0 0.306818 0.14597 0.010331 0.010691
0 0.436209 0.225329 0.02531 0.027961
0 0.478306 0.20477 0.01343 0.021382
0 0.503099 0.194901 0.016529 0.018092
0 0.544163 0.180921 0.014979 0.019737
0 0.584711 0.215049 0.012397 0.010691
0 0.400568 0.151727 0.019112 0.01727
0 0.361829 0.119243 0.007748 0.009868
0 0.334969 0.089638 0.017045 0.013158
0 0.467717 0.124178 0.017045 0.014803
0 0.458936 0.07977 0.016012 0.014803
0 0.561983 0.102385 0.015496 0.01727
0 0.652634 0.17352 0.016012 0.019737
0 0.593492 0.104852 0.011364 0.010691
0 0.610537 0.078947 0.036157 0.036184
0 0.640496 0.11801 0.03719 0.032072
0 0.633523 0.09375 0.018079 0.016447
0 0.662965 0.076891 0.050103 0.030428
0 0.705062 0.13528 0.022727 0.027138
0 0.678977 0.124178 0.02531 0.024671
0 0.697314 0.112664 0.02376 0.024671
0 0.707903 0.098273 0.01188 0.012336
0 0.751291 0.101974 0.032541 0.039474
0 0.785899 0.159539 0.014979 0.013158
