0 0.360279 0.120066 0.01188 0.014803
0 0.397727 0.151316 0.019628 0.019737
0 0.434143 0.224507 0.027376 0.032895
0 0.461777 0.233964 0.01343 0.01398
0 0.480114 0.206826 0.01188 0.020559
0 0.500258 0.196135 0.016012 0.01727
0 0.468492 0.124178 0.015496 0.014803
0 0.459194 0.080592 0.017562 0.018092
0 0.54313 0.180099 0.017045 0.021382
0 0.582386 0.215461 0.013946 0.009868
0 0.562242 0.099918 0.013946 0.01398
0 0.593233 0.150082 0.013946 0.012336
0 0.590134 0.10403 0.013946 0.01398
0 0.653409 0.175576 0.015496 0.022204
0 0.640238 0.117188 0.033574 0.033717
0 0.629649 0.104852 0.033058 0.015625
0 0.610021 0.077303 0.03719 0.041118
0 0.66968 0.081414 0.031508 0.036184
0 0.68156 0.129112 0.022211 0.021382
0 0.706353 0.136924 0.029442 0.030428
0 0.69499 0.109375 0.02531 0.029605
0 0.705837 0.099095 0.010847 0.009046
0 0.749742 0.094984 0.032541 0.030428
0 0.786932 0.162829 0.017045 0.018092
