0 0.315083 0.203536 0.01343 0.015625
0 0.305527 0.147204 0.009814 0.009868
0 0.336002 0.091283 0.019112 0.013158
0 0.399277 0.153372 0.016529 0.01727
0 0.362603 0.120066 0.011364 0.008224
0 0.433626 0.224095 0.030475 0.032072
0 0.478306 0.205592 0.011364 0.019737
0 0.502324 0.194901 0.022211 0.014803
0 0.54313 0.179688 0.017045 0.018914
0 0.467975 0.125 0.014463 0.014803
0 0.459969 0.081414 0.013946 0.016447
0 0.584711 0.215049 0.015496 0.01398
0 0.561983 0.101974 0.019628 0.016447
0 0.591167 0.103207 0.012913 0.010691
0 0.611054 0.075247 0.036157 0.037007
0 0.653151 0.176809 0.016012 0.016447
0 0.628099 0.106086 0.025826 0.018092
0 0.639721 0.119655 0.034607 0.028783
0 0.659349 0.077303 0.056302 0.032895
0 0.682076 0.128289 0.023244 0.021382
0 0.701963 0.136513 0.021694 0.026316
0 0.69189 0.108141 0.026343 0.030428
0 0.751033 0.098684 0.034091 0.037829
0 0.783833 0.162007 0.012913 0.013158
1 0.314566 0.144737 0.022727 0.014803
1 0.31689 0.196546 0.01188 0.011513
1 0.446798 0.216694 0.022727 0.027138
1 0.402376 0.143914 0.014463 0.011513
1 0.362862 0.115543 0.012913 0.010691
1 0.349948 0.08347 0.042872 0.012336
1 0.473657 0.119243 0.014463 0.016447
1 0.4672 0.075658 0.010847 0.013158
1 0.485021 0.202714 0.010331 0.015625
1 0.510331 0.190378 0.014463 0.01727
1 0.548554 0.174342 0.015496 0.023026
1 0.568957 0.095395 0.010847 0.014803
1 0.591426 0.210938 0.012397 0.010691
1 0.661157 0.171875 0.01343 0.016447
1 0.596849 0.099095 0.014979 0.015625
1 0.623192 0.066612 0.029442 0.039474
1 0.65186 0.107319 0.033058 0.028783
1 0.672262 0.067845 0.036674 0.030428
1 0.70687 0.103207 0.018079 0.028783
1 0.692149 0.125822 0.011364 0.009868
1 0.714876 0.129934 0.020661 0.029605
1 0.763171 0.090049 0.024277 0.037007
1 0.790806 0.158306 0.014463 0.009046
