0 0.176911 0.429276 0.027376 0.019737
0 0.350981 0.462993 0.02531 0.029605
0 0.410382 0.556743 0.032541 0.027961
0 0.23657 0.567434 0.020661 0.019737
0 0.338843 0.370888 0.01343 0.018092
0 0.363378 0.352385 0.022211 0.012336
0 0.398244 0.330592 0.039256 0.034539
0 0.329029 0.314145 0.034091 0.057566
0 0.357955 0.276727 0.040289 0.033717
0 0.422779 0.280428 0.016012 0.014803
0 0.471849 0.328125 0.030475 0.044408
0 0.457128 0.293997 0.028926 0.033717
0 0.467975 0.256579 0.03719 0.039474
0 0.513688 0.315378 0.02531 0.018914
0 0.537448 0.310444 0.022211 0.032072
0 0.614153 0.292763 0.019628 0.013158
0 0.62345 0.368421 0.019628 0.024671
0 0.590651 0.451069 0.032541 0.025493
0 0.631457 0.497122 0.018079 0.025493
0 0.651343 0.524671 0.024793 0.027961
0 0.73657 0.56949 0.042355 0.056743
0 0.699638 0.45148 0.017045 0.023026
