0 0.536415 0.704359 0.031508 0.033717
0 0.319731 0.661595 0.02376 0.028783
0 0.073089 0.56949 0.03564 0.022204
0 0.414256 0.553454 0.025826 0.026316
0 0.172779 0.427632 0.027376 0.026316
0 0.238895 0.565378 0.022211 0.022204
0 0.352531 0.466283 0.022211 0.037829
0 0.337035 0.371711 0.020145 0.027961
0 0.36312 0.351562 0.020661 0.01398
0 0.333419 0.313734 0.031508 0.055099
0 0.360021 0.285362 0.044421 0.055921
0 0.399019 0.326891 0.036674 0.032072
0 0.471333 0.328536 0.031508 0.04852
0 0.463585 0.296875 0.031508 0.026316
0 0.465651 0.255345 0.03564 0.040296
0 0.512655 0.316612 0.023244 0.034539
0 0.536932 0.311266 0.031508 0.035362
0 0.588326 0.45148 0.030992 0.026316
0 0.622676 0.374589 0.017045 0.023849
0 0.617769 0.293997 0.02376 0.018914
0 0.628099 0.494655 0.02686 0.027138
0 0.652118 0.523026 0.024277 0.021382
0 0.738895 0.572368 0.044938 0.057566
0 0.699897 0.451069 0.017562 0.022204
