0 0.176911 0.429276 0.027376 0.019737
0 0.350981 0.462993 0.02531 0.029605
0 0.410382 0.556743 0.032541 0.027961
0 0.23657 0.567434 0.020661 0.019737
0 0.338843 0.370888 0.01343 0.018092
0 0.363378 0.352385 0.022211 0.012336
0 0.398244 0.330592 0.039256 0.034539
0 0.329029 0.314145 0.034091 0.057566
0 0.357955 0.276727 0.040289 0.033717
0 0.422779 0.280428 0.016012 0.014803
0 0.471849 0.328125 0.030475 0.044408
0 0.457128 0.293997 0.028926 0.033717
0 0.467975 0.256579 0.03719 0.039474
0 0.513688 0.315378 0.02531 0.018914
0 0.537448 0.310444 0.022211 0.032072
0 0.614153 0.292763 0.019628 0.013158
0 0.62345 0.368421 0.019628 0.024671
0 0.590651 0.451069 0.032541 0.025493
0 0.631457 0.497122 0.018079 0.025493
0 0.651343 0.524671 0.024793 0.027961
0 0.73657 0.56949 0.042355 0.056743
0 0.699638 0.45148 0.017045 0.023026
1 0.191632 0.418586 0.028926 0.032895
1 0.253357 0.560444 0.028409 0.028783
1 0.431043 0.544819 0.031508 0.035362
1 0.368802 0.456003 0.029959 0.038651
1 0.349948 0.303043 0.03874 0.060033
1 0.354081 0.369655 0.013946 0.01398
1 0.375517 0.35403 0.019628 0.01727
1 0.416322 0.319079 0.040289 0.037829
1 0.385589 0.26398 0.03564 0.057566
1 0.486054 0.245066 0.02376 0.047697
1 0.479081 0.285773 0.033574 0.023849
1 0.499742 0.310855 0.04907 0.0625
1 0.553461 0.301809 0.033574 0.034539
1 0.621901 0.291118 0.016529 0.013158
1 0.642304 0.360609 0.018079 0.030428
1 0.602531 0.439556 0.020145 0.035362
1 0.64876 0.483141 0.022727 0.035362
1 0.671229 0.51398 0.02531 0.026316
1 0.709194 0.446135 0.015496 0.018914
1 0.776085 0.547286 0.055269 0.068257
