0 0.071281 0.574424 0.040289 0.028783
0 0.320764 0.664062 0.022727 0.028783
0 0.175878 0.425987 0.031508 0.027961
0 0.351498 0.465049 0.022211 0.032072
0 0.413481 0.55551 0.033574 0.028783
0 0.530992 0.700247 0.039256 0.022204
0 0.333161 0.314145 0.029959 0.052632
0 0.358729 0.285773 0.048037 0.050164
0 0.475207 0.327714 0.030992 0.046875
0 0.461002 0.294819 0.032541 0.028783
0 0.465393 0.256579 0.035124 0.041118
0 0.510072 0.314967 0.029442 0.026316
0 0.537965 0.310033 0.027376 0.03125
0 0.340909 0.373355 0.014463 0.016447
0 0.367252 0.354441 0.014463 0.019737
0 0.629132 0.498355 0.018595 0.024671
0 0.588326 0.45477 0.02686 0.041118
0 0.510331 0.388569 0.024793 0.020559
0 0.62655 0.319079 0.012397 0.016447
0 0.614669 0.291941 0.021694 0.014803
0 0.625258 0.370477 0.018079 0.027138
0 0.699122 0.446957 0.023244 0.020559
0 0.732955 0.566612 0.047521 0.057566
0 0.653926 0.523026 0.02686 0.03125
