0 0.16813 0.559622 0.03874 0.027138
0 0.253099 0.413651 0.032025 0.023026
0 0.438791 0.654194 0.036674 0.032072
0 0.396436 0.298109 0.040806 0.061678
0 0.424329 0.270148 0.041839 0.061678
0 0.432851 0.453125 0.021694 0.029605
0 0.413998 0.357319 0.018079 0.01727
0 0.506715 0.544408 0.036157 0.029605
0 0.546229 0.313734 0.037707 0.050164
0 0.526085 0.285362 0.031508 0.026316
0 0.5297 0.245066 0.040806 0.036184
0 0.581095 0.311266 0.030992 0.038651
0 0.606663 0.29852 0.033574 0.029605
0 0.670455 0.4375 0.020661 0.021382
0 0.834711 0.557977 0.042355 0.061678
0 0.643079 0.687911 0.035124 0.025493
0 0.716167 0.486842 0.017045 0.021382
0 0.777893 0.4375 0.020661 0.019737
0 0.983988 0.304276 0.027893 0.047697
0 0.69938 0.358964 0.016529 0.023849
0 0.690341 0.308799 0.016012 0.020559
0 0.674845 0.28125 0.016012 0.019737
0 0.333936 0.554276 0.021178 0.013158
1 0.178719 0.587993 0.054752 0.037829
1 0.270145 0.438734 0.057851 0.040296
1 0.431818 0.367599 0.02686 0.021382
1 0.461777 0.328947 0.105372 0.041118
1 0.463843 0.288651 0.079545 0.026316
1 0.574638 0.258224 0.079029 0.018092
1 0.602531 0.340872 0.098657 0.037007
1 0.633264 0.318257 0.094008 0.016447
1 0.633523 0.309211 0.054236 0.018092
1 0.561983 0.294819 0.039256 0.022204
1 0.346849 0.575247 0.036674 0.035362
1 0.460227 0.694901 0.083678 0.067434
1 0.466942 0.466694 0.044421 0.025493
1 0.53564 0.573191 0.065083 0.037829
1 0.663223 0.710938 0.067149 0.051809
1 0.702479 0.456003 0.06095 0.035362
1 0.916581 0.606497 0.155475 0.083059
1 0.801136 0.446957 0.03719 0.023849
1 0.728048 0.371711 0.045971 0.024671
1 0.701963 0.287418 0.049587 0.028783
1 0.708936 0.303043 0.03874 0.023849
