0 0.167872 0.558799 0.032025 0.027138
0 0.25594 0.415296 0.029442 0.024671
0 0.43595 0.450658 0.020661 0.027961
0 0.427686 0.648849 0.02686 0.026316
0 0.33626 0.555921 0.016529 0.018092
0 0.270919 0.49301 0.020145 0.01727
0 0.507748 0.544408 0.028926 0.029605
0 0.41374 0.362253 0.012397 0.023849
0 0.438275 0.341694 0.020145 0.01727
0 0.403409 0.295641 0.030992 0.051809
0 0.423554 0.268914 0.039256 0.054276
0 0.493027 0.266036 0.013946 0.010691
0 0.528151 0.242188 0.033574 0.041941
0 0.545455 0.317845 0.034091 0.050164
0 0.525568 0.283306 0.033574 0.035362
0 0.586519 0.303865 0.022211 0.032072
0 0.608213 0.297286 0.027376 0.032072
0 0.678461 0.283717 0.021178 0.024671
0 0.642045 0.700247 0.02376 0.027138
0 0.716426 0.486431 0.016529 0.028783
0 0.667872 0.446135 0.025826 0.035362
0 0.744835 0.507812 0.024793 0.023849
0 0.838585 0.554276 0.039773 0.052632
0 0.697572 0.360197 0.021178 0.021382
1 0.123967 0.565789 0.059917 0.026316
1 0.237603 0.497122 0.05062 0.027138
1 0.218233 0.419408 0.065599 0.023026
1 0.395919 0.463405 0.076963 0.023849
1 0.297262 0.564556 0.063533 0.027138
1 0.372417 0.675164 0.118802 0.0625
1 0.305785 0.309211 0.178719 0.034539
1 0.378616 0.363076 0.058884 0.020559
1 0.410382 0.340461 0.0625 0.004934
1 0.349174 0.270148 0.126033 0.032072
1 0.459711 0.244655 0.117769 0.038651
1 0.479597 0.328125 0.111054 0.054276
1 0.481147 0.290296 0.072831 0.037829
1 0.555269 0.304276 0.033058 0.03125
1 0.597107 0.302632 0.014463 0.014803
1 0.664773 0.284539 0.029959 0.018092
1 0.669938 0.36472 0.040289 0.01398
1 0.625517 0.455592 0.06405 0.019737
1 0.676395 0.498766 0.064566 0.027138
1 0.59969 0.70847 0.073347 0.040296
1 0.714101 0.528372 0.058368 0.020559
1 0.759814 0.589227 0.110537 0.056743
