0 0.07438 0.574013 0.044421 0.027961
0 0.172521 0.423931 0.024793 0.028783
0 0.338585 0.371299 0.020145 0.020559
0 0.353048 0.464638 0.027376 0.026316
0 0.330579 0.67352 0.038223 0.037829
0 0.411674 0.556743 0.034091 0.032895
0 0.473915 0.331826 0.036674 0.046875
0 0.327996 0.311266 0.042355 0.061678
0 0.364669 0.352796 0.018595 0.018092
0 0.356921 0.282895 0.045455 0.052632
0 0.463068 0.297286 0.029442 0.038651
0 0.466942 0.254934 0.038223 0.039474
0 0.512397 0.317023 0.025826 0.033717
0 0.537707 0.3125 0.02376 0.039474
0 0.612345 0.293997 0.01188 0.015625
0 0.625 0.315789 0.01343 0.018092
0 0.624225 0.370888 0.021178 0.021382
0 0.589876 0.450658 0.02686 0.026316
0 0.630165 0.495477 0.011364 0.027138
0 0.645919 0.519737 0.010847 0.016447
0 0.699897 0.448191 0.022727 0.019737
0 0.73812 0.571546 0.036157 0.064145
0 0.533316 0.703947 0.036674 0.023026
0 0.928461 0.313322 0.042872 0.042763
0 0.947056 0.947368 0.084194 0.097039
1 0.082903 0.60074 0.045971 0.032072
1 0.186209 0.453536 0.053202 0.028783
1 0.362345 0.478618 0.033574 0.021382
1 0.43905 0.581414 0.067149 0.047697
1 0.353564 0.707648 0.072831 0.066612
1 0.558368 0.724095 0.040289 0.046875
1 0.360279 0.379523 0.026343 0.023849
1 0.384556 0.360197 0.027376 0.013158
1 0.431818 0.335938 0.035124 0.025493
0 0.403667 0.325247 0.041839 0.028783
1 0.391787 0.337582 0.096591 0.033717
1 0.39876 0.294819 0.068182 0.032072
1 0.515496 0.269737 0.089876 0.014803
1 0.552428 0.332648 0.074897 0.018914
1 0.583161 0.327303 0.066116 0.027961
1 0.532541 0.356497 0.097107 0.043586
1 0.640238 0.296875 0.040806 0.026316
1 0.645403 0.323191 0.039773 0.016447
1 0.658058 0.384457 0.041322 0.023849
1 0.618285 0.462993 0.042355 0.029605
1 0.676395 0.516447 0.04907 0.039474
1 0.68001 0.537418 0.072831 0.038651
1 0.833419 0.619243 0.182335 0.092105
1 0.956612 0.327714 0.034091 0.035362
