0 0.331095 0.556743 0.027893 0.021382
0 0.255165 0.415296 0.027893 0.024671
0 0.434143 0.453536 0.024277 0.035362
0 0.503874 0.54523 0.032541 0.027961
0 0.40031 0.30222 0.03719 0.060033
0 0.413998 0.359375 0.016012 0.018092
0 0.436467 0.340461 0.018595 0.016447
0 0.467975 0.313734 0.040289 0.030428
0 0.421488 0.261102 0.040289 0.041941
0 0.542872 0.315789 0.034091 0.052632
0 0.490702 0.26727 0.016529 0.011513
0 0.524793 0.283717 0.028926 0.036184
0 0.528667 0.248355 0.042872 0.046053
0 0.582645 0.300987 0.024793 0.024671
0 0.60563 0.297286 0.023244 0.030428
0 0.698864 0.359786 0.019628 0.020559
0 0.671746 0.439967 0.029442 0.03125
0 0.718233 0.48602 0.021178 0.032895
0 0.743543 0.514391 0.027376 0.023849
0 0.835486 0.555099 0.03564 0.049342
0 0.677686 0.279194 0.016529 0.015625
0 0.780992 0.437911 0.020661 0.01727
0 0.984504 0.30551 0.030992 0.032072
