0 0.331095 0.556743 0.027893 0.021382
0 0.255165 0.415296 0.027893 0.024671
0 0.434143 0.453536 0.024277 0.035362
0 0.503874 0.54523 0.032541 0.027961
0 0.40031 0.30222 0.03719 0.060033
0 0.413998 0.359375 0.016012 0.018092
0 0.436467 0.340461 0.018595 0.016447
0 0.467975 0.313734 0.040289 0.030428
0 0.421488 0.261102 0.040289 0.041941
0 0.542872 0.315789 0.034091 0.052632
0 0.490702 0.26727 0.016529 0.011513
0 0.524793 0.283717 0.028926 0.036184
0 0.528667 0.248355 0.042872 0.046053
0 0.582645 0.300987 0.024793 0.024671
0 0.60563 0.297286 0.023244 0.030428
0 0.698864 0.359786 0.019628 0.020559
0 0.671746 0.439967 0.029442 0.03125
0 0.718233 0.48602 0.021178 0.032895
0 0.743543 0.514391 0.027376 0.023849
0 0.835486 0.555099 0.03564 0.049342
0 0.677686 0.279194 0.016529 0.015625
0 0.780992 0.437911 0.020661 0.01727
0 0.984504 0.30551 0.030992 0.032072
1 0.267304 0.400493 0.028409 0.041118
1 0.346591 0.546464 0.020661 0.025493
1 0.451446 0.437911 0.02686 0.040296
1 0.522727 0.529194 0.034091 0.040296
1 0.420455 0.283717 0.029959 0.046053
1 0.445248 0.247533 0.03719 0.060855
1 0.485021 0.302632 0.033058 0.032895
1 0.445764 0.331826 0.015496 0.01398
1 0.422004 0.351974 0.009298 0.019737
1 0.566374 0.296875 0.040806 0.054276
1 0.596074 0.292352 0.021694 0.028783
1 0.619835 0.287829 0.019628 0.036184
1 0.506457 0.262336 0.033574 0.021382
1 0.542614 0.234375 0.024277 0.057566
1 0.714876 0.35074 0.024793 0.043586
1 0.68311 0.275905 0.013946 0.015625
1 0.682076 0.428454 0.030475 0.029605
1 0.789514 0.430099 0.008781 0.018092
1 0.732438 0.476974 0.021694 0.044408
1 0.758264 0.495888 0.02376 0.034539
1 0.870868 0.532072 0.046488 0.075658
