0 0.168905 0.558799 0.033058 0.025493
0 0.257748 0.413651 0.021694 0.024671
0 0.436725 0.453125 0.020145 0.036184
0 0.333678 0.554688 0.02686 0.023849
0 0.427686 0.643914 0.02376 0.032895
0 0.411674 0.357319 0.01343 0.020559
0 0.434917 0.339227 0.01343 0.01727
0 0.401085 0.296464 0.029442 0.055099
0 0.428202 0.27097 0.042355 0.056743
0 0.471074 0.319079 0.034091 0.037829
0 0.548295 0.319079 0.024277 0.054276
0 0.525568 0.284539 0.030475 0.03125
0 0.528151 0.240954 0.026343 0.041118
0 0.490186 0.267681 0.028926 0.025493
0 0.58187 0.30551 0.024277 0.030428
0 0.609246 0.300576 0.023244 0.032072
0 0.68156 0.280839 0.021178 0.01727
0 0.698089 0.361842 0.020145 0.026316
0 0.671746 0.438734 0.02531 0.025493
0 0.743802 0.510691 0.020661 0.026316
0 0.714618 0.486431 0.021178 0.030428
0 0.783574 0.4375 0.017562 0.018092
0 0.833161 0.555921 0.041322 0.0625
0 0.646694 0.685855 0.034091 0.027961
0 0.512913 0.544819 0.021694 0.028783
