0 0.645145 0.687911 0.029959 0.022204
0 0.430269 0.650493 0.014463 0.027961
0 0.434401 0.451069 0.02376 0.027138
0 0.504907 0.542352 0.029442 0.025493
0 0.669421 0.441612 0.024793 0.03125
0 0.716684 0.485197 0.018079 0.023026
0 0.741736 0.516036 0.02376 0.025493
0 0.836777 0.558799 0.042355 0.055099
0 0.256715 0.41653 0.02376 0.020559
0 0.335227 0.556332 0.024793 0.01727
0 0.414514 0.358964 0.013946 0.020559
0 0.433626 0.337171 0.014979 0.011513
0 0.466167 0.314556 0.03874 0.033717
0 0.398244 0.292763 0.041322 0.060855
0 0.42562 0.270148 0.033058 0.050164
0 0.545455 0.316612 0.03719 0.049342
0 0.52686 0.284128 0.028926 0.035362
0 0.526343 0.240954 0.02686 0.03125
0 0.608213 0.298109 0.028409 0.030428
0 0.697056 0.361842 0.020145 0.029605
0 0.782283 0.439556 0.02531 0.027138
1 0.633006 0.682155 0.018079 0.020559
1 0.500775 0.534539 0.022211 0.019737
1 0.432335 0.440378 0.012397 0.010691
1 0.434401 0.638158 0.018595 0.001645
1 0.827221 0.538651 0.033574 0.044408
