0 0.16813 0.559622 0.03874 0.027138
0 0.253099 0.413651 0.032025 0.023026
0 0.438791 0.654194 0.036674 0.032072
0 0.396436 0.298109 0.040806 0.061678
0 0.424329 0.270148 0.041839 0.061678
0 0.432851 0.453125 0.021694 0.029605
0 0.413998 0.357319 0.018079 0.01727
0 0.506715 0.544408 0.036157 0.029605
0 0.546229 0.313734 0.037707 0.050164
0 0.526085 0.285362 0.031508 0.026316
0 0.5297 0.245066 0.040806 0.036184
0 0.581095 0.311266 0.030992 0.038651
0 0.606663 0.29852 0.033574 0.029605
0 0.670455 0.4375 0.020661 0.021382
0 0.834711 0.557977 0.042355 0.061678
0 0.643079 0.687911 0.035124 0.025493
0 0.716167 0.486842 0.017045 0.021382
0 0.777893 0.4375 0.020661 0.019737
0 0.983988 0.304276 0.027893 0.047697
0 0.69938 0.358964 0.016529 0.023849
0 0.690341 0.308799 0.016012 0.020559
0 0.674845 0.28125 0.016012 0.019737
0 0.333936 0.554276 0.021178 0.013158
0 0.332903 0.552632 0.021178 0.013158
