0 0.536415 0.704359 0.031508 0.033717
0 0.319731 0.661595 0.02376 0.028783
0 0.073089 0.56949 0.03564 0.022204
0 0.414256 0.553454 0.025826 0.026316
0 0.172779 0.427632 0.027376 0.026316
0 0.238895 0.565378 0.022211 0.022204
0 0.352531 0.466283 0.022211 0.037829
0 0.337035 0.371711 0.020145 0.027961
0 0.36312 0.351562 0.020661 0.01398
0 0.333419 0.313734 0.031508 0.055099
0 0.360021 0.285362 0.044421 0.055921
0 0.399019 0.326891 0.036674 0.032072
0 0.471333 0.328536 0.031508 0.04852
0 0.463585 0.296875 0.031508 0.026316
0 0.465651 0.255345 0.03564 0.040296
0 0.512655 0.316612 0.023244 0.034539
0 0.536932 0.311266 0.031508 0.035362
0 0.588326 0.45148 0.030992 0.026316
0 0.622676 0.374589 0.017045 0.023849
0 0.617769 0.293997 0.02376 0.018914
0 0.628099 0.494655 0.02686 0.027138
0 0.652118 0.523026 0.024277 0.021382
0 0.738895 0.572368 0.044938 0.057566
0 0.699897 0.451069 0.017562 0.022204
1 0.04468 0.56949 0.048037 0.025493
1 0.145661 0.426809 0.045455 0.032895
1 0.273502 0.66653 0.081095 0.030428
1 0.20687 0.571135 0.048037 0.023849
1 0.49406 0.700247 0.059401 0.023849
1 0.306818 0.46875 0.071281 0.039474
1 0.372934 0.555921 0.059917 0.036184
1 0.259814 0.310033 0.127066 0.077303
1 0.309659 0.367599 0.042872 0.027961
1 0.301395 0.27426 0.091426 0.058388
1 0.365444 0.317845 0.044938 0.037007
1 0.346591 0.351974 0.049587 0.021382
1 0.436467 0.32977 0.066116 0.049342
1 0.429752 0.293997 0.061983 0.038651
1 0.412448 0.249589 0.09969 0.050164
1 0.491219 0.316201 0.021694 0.037007
1 0.509814 0.314145 0.02376 0.027961
1 0.596074 0.292763 0.016529 0.024671
1 0.598399 0.371711 0.032541 0.019737
1 0.548037 0.45477 0.045455 0.026316
1 0.58032 0.497122 0.069731 0.027138
1 0.609246 0.525082 0.063533 0.027138
1 0.665806 0.573191 0.118802 0.055921
1 0.681043 0.455181 0.040806 0.023849
