0 0.07438 0.574013 0.044421 0.027961
0 0.172521 0.423931 0.024793 0.028783
0 0.338585 0.371299 0.020145 0.020559
0 0.353048 0.464638 0.027376 0.026316
0 0.330579 0.67352 0.038223 0.037829
0 0.411674 0.556743 0.034091 0.032895
0 0.473915 0.331826 0.036674 0.046875
0 0.327996 0.311266 0.042355 0.061678
0 0.364669 0.352796 0.018595 0.018092
0 0.356921 0.282895 0.045455 0.052632
0 0.463068 0.297286 0.029442 0.038651
0 0.466942 0.254934 0.038223 0.039474
0 0.512397 0.317023 0.025826 0.033717
0 0.537707 0.3125 0.02376 0.039474
0 0.612345 0.293997 0.01188 0.015625
0 0.625 0.315789 0.01343 0.018092
0 0.624225 0.370888 0.021178 0.021382
0 0.589876 0.450658 0.02686 0.026316
0 0.630165 0.495477 0.011364 0.027138
0 0.645919 0.519737 0.010847 0.016447
0 0.699897 0.448191 0.022727 0.019737
0 0.73812 0.571546 0.036157 0.064145
0 0.533316 0.703947 0.036674 0.023026
0 0.928461 0.313322 0.042872 0.042763
0 0.947056 0.947368 0.084194 0.097039
0 0.403667 0.325247 0.041839 0.028783
