0 0.168905 0.558799 0.033058 0.025493
0 0.257748 0.413651 0.021694 0.024671
0 0.436725 0.453125 0.020145 0.036184
0 0.333678 0.554688 0.02686 0.023849
0 0.427686 0.643914 0.02376 0.032895
0 0.411674 0.357319 0.01343 0.020559
0 0.434917 0.339227 0.01343 0.01727
0 0.401085 0.296464 0.029442 0.055099
0 0.428202 0.27097 0.042355 0.056743
0 0.471074 0.319079 0.034091 0.037829
0 0.548295 0.319079 0.024277 0.054276
0 0.525568 0.284539 0.030475 0.03125
0 0.528151 0.240954 0.026343 0.041118
0 0.490186 0.267681 0.028926 0.025493
0 0.58187 0.30551 0.024277 0.030428
0 0.609246 0.300576 0.023244 0.032072
0 0.68156 0.280839 0.021178 0.01727
0 0.698089 0.361842 0.020145 0.026316
0 0.671746 0.438734 0.02531 0.025493
0 0.743802 0.510691 0.020661 0.026316
0 0.714618 0.486431 0.021178 0.030428
0 0.783574 0.4375 0.017562 0.018092
0 0.833161 0.555921 0.041322 0.0625
0 0.646694 0.685855 0.034091 0.027961
0 0.512913 0.544819 0.021694 0.028783
1 0.139463 0.556743 0.056818 0.021382
1 0.225465 0.414474 0.056302 0.019737
1 0.304236 0.561678 0.048554 0.026316
1 0.371126 0.653372 0.08936 0.040296
1 0.470041 0.546464 0.059917 0.035362
1 0.390496 0.455181 0.076446 0.043586
1 0.325671 0.294408 0.135847 0.072368
1 0.392304 0.353618 0.036674 0.026316
1 0.424587 0.335115 0.057851 0.028783
1 0.445248 0.308799 0.048554 0.041941
1 0.360279 0.262747 0.100723 0.069901
1 0.491477 0.318668 0.073864 0.050164
1 0.483213 0.277138 0.067665 0.034539
1 0.481663 0.26727 0.018079 0.019737
1 0.471074 0.235197 0.105372 0.047697
1 0.561467 0.300987 0.029959 0.032895
1 0.592717 0.295641 0.031508 0.046875
1 0.660899 0.278372 0.020145 0.01727
1 0.671229 0.35403 0.03874 0.023849
1 0.630165 0.445312 0.054752 0.028783
1 0.675103 0.489309 0.071281 0.029605
1 0.708936 0.514803 0.063533 0.029605
1 0.603048 0.692023 0.068698 0.028783
1 0.764721 0.564556 0.118285 0.060033
1 0.755682 0.433799 0.046488 0.025493
