0 0.167872 0.558799 0.032025 0.027138
0 0.25594 0.415296 0.029442 0.024671
0 0.43595 0.450658 0.020661 0.027961
0 0.427686 0.648849 0.02686 0.026316
0 0.33626 0.555921 0.016529 0.018092
0 0.270919 0.49301 0.020145 0.01727
0 0.507748 0.544408 0.028926 0.029605
0 0.41374 0.362253 0.012397 0.023849
0 0.438275 0.341694 0.020145 0.01727
0 0.403409 0.295641 0.030992 0.051809
0 0.423554 0.268914 0.039256 0.054276
0 0.493027 0.266036 0.013946 0.010691
0 0.528151 0.242188 0.033574 0.041941
0 0.545455 0.317845 0.034091 0.050164
0 0.525568 0.283306 0.033574 0.035362
0 0.586519 0.303865 0.022211 0.032072
0 0.608213 0.297286 0.027376 0.032072
0 0.678461 0.283717 0.021178 0.024671
0 0.642045 0.700247 0.02376 0.027138
0 0.716426 0.486431 0.016529 0.028783
0 0.667872 0.446135 0.025826 0.035362
0 0.744835 0.507812 0.024793 0.023849
0 0.838585 0.554276 0.039773 0.052632
0 0.697572 0.360197 0.021178 0.021382
