0 0.535382 0.701891 0.027376 0.022204
0 0.321798 0.665296 0.017562 0.024671
0 0.412965 0.552632 0.034607 0.024671
0 0.347624 0.465872 0.024793 0.035362
0 0.177686 0.425576 0.030992 0.022204
0 0.241477 0.567845 0.018079 0.01727
0 0.735279 0.566201 0.042872 0.051809
0 0.6547 0.524671 0.02531 0.021382
0 0.629907 0.496299 0.018079 0.027138
0 0.590393 0.456826 0.02376 0.028783
0 0.341426 0.370066 0.014463 0.019737
0 0.363636 0.351974 0.017562 0.018092
0 0.330062 0.314967 0.040289 0.054276
0 0.398244 0.328125 0.039256 0.032895
0 0.363378 0.284128 0.032541 0.053454
0 0.474174 0.329359 0.030992 0.04523
0 0.464876 0.25699 0.036157 0.043586
0 0.53564 0.307155 0.027893 0.032072
0 0.619318 0.375411 0.020661 0.022204
0 0.704287 0.454359 0.017045 0.025493
0 0.615186 0.291118 0.02376 0.027961
1 0.535124 0.695312 0.027893 0.01727
1 0.410124 0.547697 0.027893 0.013158
1 0.735537 0.553865 0.02686 0.035362
1 0.358729 0.455181 0.014979 0.028783
