0 0.129649 0.741776 0.029959 0.024671
0 0.237603 0.712582 0.029959 0.038651
0 0.253874 0.600329 0.031508 0.024671
0 0.251808 0.548931 0.024277 0.025493
0 0.348140 0.574424 0.028926 0.022204
0 0.350723 0.491365 0.015496 0.025493
0 0.394112 0.465872 0.035124 0.038651
0 0.430269 0.497533 0.026860 0.036184
0 0.486312 0.537418 0.041839 0.051809
0 0.520661 0.598273 0.045455 0.048520
0 0.455320 0.675164 0.051136 0.039474
0 0.513430 0.463816 0.036157 0.042763
0 0.503874 0.389391 0.029442 0.030428
0 0.641271 0.531250 0.030475 0.050987
0 0.612345 0.646793 0.037707 0.043586
0 0.662707 0.581414 0.035124 0.032895
0 0.647727 0.393914 0.022727 0.018092
1 0.159349 0.766036 0.049070 0.046875
1 0.281250 0.739309 0.090393 0.047697
1 0.285640 0.616365 0.050620 0.020559
1 0.279184 0.557977 0.032541 0.022204
1 0.386880 0.587582 0.065083 0.037007
1 0.388946 0.504112 0.057851 0.024671
1 0.442407 0.474095 0.069731 0.027138
1 0.551653 0.557566 0.097107 0.032895
1 0.478306 0.509046 0.072314 0.014803
1 0.533058 0.708059 0.103306 0.055921
1 0.581870 0.612664 0.085227 0.027961
1 0.567924 0.474507 0.066632 0.024671
1 0.541839 0.387747 0.049587 0.022204
1 0.665548 0.658717 0.085227 0.039474
1 0.725723 0.555099 0.138430 0.027961
1 0.702479 0.597039 0.057851 0.031250
1 0.682593 0.400905 0.036674 0.009046
