0 0.046488 0.726974 0.032025 0.023026
0 0.130682 0.745888 0.021694 0.024671
0 0.234762 0.715461 0.029442 0.044408
0 0.144628 0.654194 0.030992 0.035362
0 0.146952 0.586760 0.029442 0.025493
0 0.249742 0.604441 0.030475 0.036184
0 0.255682 0.548109 0.022727 0.023849
0 0.348915 0.575658 0.019112 0.026316
0 0.352014 0.489720 0.023244 0.027138
0 0.390238 0.469572 0.033574 0.037829
0 0.429752 0.497944 0.026860 0.025493
0 0.488378 0.538240 0.047004 0.055099
0 0.511880 0.463816 0.029959 0.041118
0 0.504649 0.384046 0.034091 0.026316
0 0.519370 0.593750 0.038740 0.039474
0 0.618285 0.645970 0.041322 0.038651
0 0.642045 0.537418 0.025826 0.060033
0 0.651860 0.394737 0.018595 0.018092
0 0.449897 0.717928 0.040289 0.072368
0 0.501550 0.711349 0.040289 0.032895
1 0.027118 0.761924 0.053202 0.037007
1 0.098915 0.798520 0.073864 0.087171
1 0.198089 0.787829 0.075930 0.111842
1 0.127583 0.675576 0.032025 0.032072
1 0.129390 0.611842 0.030475 0.032895
1 0.227273 0.640214 0.044421 0.061678
1 0.235021 0.581826 0.037190 0.043586
1 0.339876 0.601151 0.042355 0.026316
1 0.346849 0.519326 0.035640 0.033717
1 0.386880 0.499178 0.032025 0.027961
1 0.426395 0.529194 0.032541 0.038651
1 0.475207 0.599507 0.041322 0.069079
1 0.442665 0.760691 0.047521 0.055921
1 0.501550 0.731497 0.020661 0.030428
1 0.514979 0.642681 0.034091 0.063322
1 0.509814 0.499178 0.029959 0.031250
1 0.499483 0.407072 0.034091 0.023026
1 0.614669 0.677632 0.035124 0.027961
1 0.651860 0.612253 0.051653 0.094572
1 0.654700 0.414062 0.017045 0.012336
