0 0.237862 0.733553 0.018079 0.023026
0 0.246384 0.640625 0.028926 0.032895
0 0.237862 0.571957 0.031508 0.027138
0 0.345816 0.704359 0.032541 0.045230
0 0.345041 0.587993 0.028926 0.026316
0 0.342975 0.535773 0.028926 0.020559
0 0.441890 0.563322 0.021178 0.031250
0 0.434401 0.478207 0.014463 0.028783
0 0.473399 0.453947 0.038740 0.039474
0 0.514721 0.487253 0.025310 0.032072
0 0.560434 0.665296 0.050620 0.049342
0 0.577221 0.525082 0.047004 0.056743
0 0.613636 0.583470 0.038223 0.048520
0 0.592975 0.449424 0.033058 0.040296
0 0.574897 0.373766 0.030992 0.032072
0 0.719267 0.633635 0.041839 0.041941
0 0.751550 0.570724 0.021694 0.019737
0 0.733729 0.518092 0.033574 0.050987
0 0.721074 0.385280 0.016529 0.018914
0 0.550103 0.963405 0.035124 0.012336
1 0.236570 0.721217 0.019628 0.008224
1 0.343233 0.683388 0.024277 0.014803
1 0.345300 0.578536 0.029442 0.013980
1 0.238120 0.562500 0.033058 0.018092
1 0.555269 0.655428 0.035124 0.044408
1 0.467200 0.439556 0.020145 0.018914
1 0.565341 0.503701 0.020145 0.025493
1 0.609246 0.562089 0.028409 0.017270
1 0.587552 0.436266 0.023244 0.025493
1 0.710227 0.622944 0.024793 0.030428
1 0.721591 0.502056 0.007231 0.033717
