0 0.128874 0.744655 0.014979 0.022204
0 0.236829 0.715049 0.031508 0.041941
0 0.147469 0.653372 0.023244 0.033717
0 0.149277 0.582648 0.027893 0.023849
0 0.250775 0.599918 0.028409 0.023849
0 0.257490 0.550164 0.028409 0.021382
0 0.349432 0.577303 0.022211 0.027961
0 0.453771 0.678043 0.048037 0.046875
0 0.350207 0.491365 0.016529 0.028783
0 0.392304 0.466694 0.032541 0.033717
0 0.429236 0.500411 0.025826 0.033717
0 0.487345 0.540707 0.040806 0.058388
0 0.519370 0.596628 0.037707 0.045230
0 0.504132 0.384046 0.028926 0.023026
0 0.513688 0.462993 0.032541 0.041118
0 0.619060 0.645970 0.047004 0.038651
0 0.657283 0.583059 0.019112 0.019737
0 0.641787 0.530839 0.028409 0.045230
0 0.652376 0.395148 0.015496 0.013980
0 0.786157 0.972451 0.039256 0.017270
1 0.136622 0.736842 0.017045 0.013158
1 0.245610 0.699836 0.018079 0.021382
1 0.259556 0.586760 0.016012 0.004112
1 0.350465 0.564145 0.019112 0.011513
1 0.453771 0.660773 0.040806 0.030428
1 0.356663 0.482319 0.008781 0.013980
1 0.158058 0.578947 0.007231 0.018092
1 0.486829 0.513980 0.031508 0.023026
1 0.401860 0.453536 0.019628 0.013980
1 0.517304 0.442845 0.034607 0.013980
1 0.785640 0.958882 0.040289 0.019737
1 0.644628 0.515214 0.021694 0.028783
1 0.613895 0.624589 0.035640 0.009046
1 0.520403 0.571957 0.030475 0.013980
1 0.654442 0.569901 0.018595 0.008224
