0 0.149277 0.715049 0.033058 0.030428
0 0.239411 0.738076 0.017045 0.025493
0 0.245868 0.640625 0.027893 0.032895
0 0.237345 0.572368 0.027376 0.021382
0 0.346591 0.703125 0.023760 0.042763
0 0.344525 0.587993 0.028926 0.026316
0 0.344267 0.537829 0.027376 0.024671
0 0.434143 0.479030 0.018079 0.030428
0 0.441632 0.565378 0.022727 0.023849
0 0.558884 0.664885 0.054752 0.045230
0 0.471849 0.453536 0.035640 0.035362
0 0.513171 0.488487 0.029442 0.037829
0 0.579545 0.525082 0.046488 0.050164
0 0.614153 0.583059 0.039256 0.046053
0 0.574122 0.372122 0.033574 0.025493
0 0.592975 0.451480 0.033058 0.046053
0 0.722366 0.382812 0.017045 0.018914
0 0.732955 0.515214 0.032025 0.050164
0 0.719008 0.633224 0.045455 0.041118
0 0.751033 0.571135 0.020661 0.018914
1 0.124483 0.710526 0.027893 0.052632
1 0.209969 0.724507 0.050103 0.062500
1 0.223915 0.625000 0.030475 0.039474
1 0.226240 0.563734 0.029959 0.025493
1 0.307593 0.684622 0.076963 0.083059
1 0.321281 0.579359 0.037190 0.048520
1 0.331870 0.528783 0.023244 0.024671
1 0.419680 0.556332 0.038740 0.045230
1 0.411415 0.465872 0.033574 0.041941
1 0.452738 0.435444 0.033574 0.041941
1 0.495351 0.475740 0.023760 0.035362
1 0.539773 0.496299 0.045455 0.064967
1 0.522211 0.641447 0.060950 0.074013
1 0.589101 0.562500 0.034607 0.044408
1 0.566116 0.432977 0.037190 0.053454
1 0.558626 0.360609 0.018079 0.041941
1 0.689566 0.493010 0.071281 0.083059
1 0.712293 0.379112 0.018595 0.031250
1 0.686467 0.616776 0.048554 0.055921
1 0.737603 0.563734 0.023760 0.027138
