0 0.146694 0.722451 0.036157 0.041941
0 0.237087 0.737253 0.018595 0.033717
0 0.244060 0.640214 0.027376 0.035362
0 0.237087 0.569901 0.025826 0.023026
0 0.345558 0.702714 0.033058 0.040296
0 0.344267 0.589638 0.034607 0.026316
0 0.342975 0.535773 0.027893 0.020559
0 0.442407 0.562500 0.027376 0.027961
0 0.432593 0.479030 0.019112 0.027138
0 0.472366 0.456414 0.035640 0.046053
0 0.513430 0.488076 0.027893 0.037007
0 0.558110 0.666530 0.052169 0.048520
0 0.577738 0.526316 0.049070 0.054276
0 0.592975 0.450658 0.033058 0.041118
0 0.574380 0.372533 0.028926 0.027961
0 0.614669 0.585526 0.041322 0.047697
0 0.721074 0.634457 0.048554 0.037007
0 0.752324 0.574013 0.027376 0.024671
0 0.732696 0.517681 0.035640 0.050164
0 0.722366 0.381579 0.016012 0.016447
