0 0.129649 0.741776 0.029959 0.024671
0 0.237603 0.712582 0.029959 0.038651
0 0.253874 0.600329 0.031508 0.024671
0 0.251808 0.548931 0.024277 0.025493
0 0.348140 0.574424 0.028926 0.022204
0 0.350723 0.491365 0.015496 0.025493
0 0.394112 0.465872 0.035124 0.038651
0 0.430269 0.497533 0.026860 0.036184
0 0.486312 0.537418 0.041839 0.051809
0 0.520661 0.598273 0.045455 0.048520
0 0.455320 0.675164 0.051136 0.039474
0 0.513430 0.463816 0.036157 0.042763
0 0.503874 0.389391 0.029442 0.030428
0 0.641271 0.531250 0.030475 0.050987
0 0.612345 0.646793 0.037707 0.043586
0 0.662707 0.581414 0.035124 0.032895
0 0.647727 0.393914 0.022727 0.018092
0 0.782025 0.976151 0.033058 0.024671
0 0.931302 0.973273 0.063017 0.030428
