0 0.045713 0.727385 0.035640 0.030428
0 0.130165 0.750000 0.016529 0.031250
0 0.148244 0.652549 0.030992 0.033717
0 0.149535 0.587171 0.029442 0.029605
0 0.238120 0.716694 0.026860 0.041941
0 0.251550 0.602796 0.028926 0.029605
0 0.257748 0.551398 0.029959 0.022204
0 0.348399 0.578947 0.024277 0.029605
0 0.351240 0.491365 0.017562 0.027138
0 0.393853 0.466694 0.032541 0.038651
0 0.431302 0.500000 0.025826 0.031250
0 0.454029 0.676398 0.052686 0.041941
0 0.519628 0.596217 0.041322 0.047697
0 0.490186 0.537007 0.045455 0.052632
0 0.513430 0.464638 0.033058 0.044408
0 0.504907 0.383224 0.032541 0.024671
0 0.620093 0.645559 0.047004 0.041118
0 0.658316 0.584293 0.023244 0.023849
0 0.642820 0.530839 0.032541 0.048520
0 0.652634 0.395559 0.017045 0.014803
