0 0.145661 0.718339 0.033058 0.033717
0 0.238378 0.737253 0.017045 0.030428
0 0.244835 0.637747 0.024793 0.028783
0 0.236829 0.576069 0.026343 0.028783
0 0.345300 0.704770 0.036674 0.044408
0 0.344525 0.589638 0.030992 0.027961
0 0.341167 0.534951 0.018079 0.027138
0 0.470300 0.451480 0.042872 0.032895
0 0.513171 0.488076 0.025310 0.033717
0 0.562242 0.662007 0.056302 0.044408
0 0.612603 0.585115 0.042355 0.046875
0 0.573864 0.534539 0.044421 0.069079
0 0.592717 0.447780 0.031508 0.037007
0 0.572572 0.370888 0.035640 0.023026
0 0.717459 0.633224 0.041322 0.041118
0 0.730630 0.517681 0.031508 0.041941
0 0.440341 0.563734 0.031508 0.028783
0 0.431560 0.475740 0.018079 0.030428
0 0.723140 0.384457 0.017562 0.017270
0 0.766271 0.451891 0.028409 0.022204
1 0.110537 0.765625 0.075413 0.074013
1 0.210744 0.792352 0.060950 0.086349
1 0.311467 0.781661 0.069215 0.114309
1 0.227273 0.666941 0.037190 0.029605
1 0.225465 0.602385 0.041839 0.030428
1 0.329545 0.632401 0.050620 0.057566
1 0.322314 0.569901 0.034091 0.049342
1 0.435434 0.594984 0.038223 0.027138
1 0.428202 0.509457 0.046488 0.027138
1 0.466942 0.483553 0.044421 0.027961
1 0.509039 0.520970 0.029442 0.032072
1 0.556043 0.729441 0.055269 0.098684
1 0.568698 0.600740 0.039256 0.064967
1 0.610537 0.630757 0.042355 0.055921
1 0.589876 0.481908 0.033058 0.037829
1 0.569731 0.388980 0.034091 0.023026
1 0.727273 0.400082 0.018595 0.015625
1 0.717975 0.668997 0.042355 0.027138
1 0.739411 0.591283 0.054236 0.111842
1 0.768853 0.467105 0.019112 0.018092
