0 0.145661 0.718339 0.033058 0.033717
0 0.238378 0.737253 0.017045 0.030428
0 0.244835 0.637747 0.024793 0.028783
0 0.236829 0.576069 0.026343 0.028783
0 0.345300 0.704770 0.036674 0.044408
0 0.344525 0.589638 0.030992 0.027961
0 0.341167 0.534951 0.018079 0.027138
0 0.470300 0.451480 0.042872 0.032895
0 0.513171 0.488076 0.025310 0.033717
0 0.562242 0.662007 0.056302 0.044408
0 0.612603 0.585115 0.042355 0.046875
0 0.573864 0.534539 0.044421 0.069079
0 0.592717 0.447780 0.031508 0.037007
0 0.572572 0.370888 0.035640 0.023026
0 0.717459 0.633224 0.041322 0.041118
0 0.730630 0.517681 0.031508 0.041941
0 0.440341 0.563734 0.031508 0.028783
0 0.431560 0.475740 0.018079 0.030428
0 0.723140 0.384457 0.017562 0.017270
0 0.751550 0.576480 0.026860 0.034539
