0 0.345300 0.537829 0.025310 0.026316
0 0.345300 0.587582 0.031508 0.025493
0 0.345300 0.702714 0.030475 0.040296
0 0.441374 0.562500 0.025310 0.024671
0 0.433368 0.477796 0.016529 0.029605
0 0.472107 0.449836 0.032025 0.036184
0 0.511880 0.488898 0.028926 0.037007
0 0.577479 0.525082 0.045455 0.055099
0 0.592459 0.451069 0.038223 0.046875
0 0.571539 0.372944 0.029442 0.025493
0 0.612603 0.583882 0.033058 0.044408
0 0.560692 0.668586 0.058368 0.049342
0 0.715909 0.634046 0.038223 0.037829
0 0.731147 0.515625 0.029442 0.044408
0 0.745868 0.572780 0.015496 0.027138
0 0.235279 0.729441 0.016012 0.021382
0 0.722882 0.383224 0.021178 0.013158
