0 0.046229 0.730263 0.038740 0.034539
0 0.129390 0.747944 0.018079 0.028783
0 0.146178 0.653372 0.030992 0.033717
0 0.147211 0.583470 0.028926 0.023849
0 0.235021 0.712582 0.029959 0.038651
0 0.250517 0.602385 0.028926 0.028783
0 0.256457 0.552220 0.032541 0.020559
0 0.348140 0.578125 0.021694 0.031250
0 0.349174 0.492188 0.017562 0.030428
0 0.392562 0.467516 0.036157 0.040296
0 0.428719 0.500822 0.027893 0.032895
0 0.450671 0.679276 0.059401 0.044408
0 0.519628 0.597451 0.040289 0.046875
0 0.487087 0.541530 0.040289 0.056743
0 0.512138 0.463405 0.032541 0.035362
0 0.503616 0.385691 0.033058 0.026316
0 0.616736 0.645559 0.046488 0.037829
0 0.656508 0.587171 0.026860 0.031250
0 0.642820 0.531250 0.035640 0.052632
0 0.649793 0.398026 0.016529 0.016447
