0 0.046229 0.730263 0.038740 0.034539
0 0.129390 0.747944 0.018079 0.028783
0 0.146178 0.653372 0.030992 0.033717
0 0.147211 0.583470 0.028926 0.023849
0 0.235021 0.712582 0.029959 0.038651
0 0.250517 0.602385 0.028926 0.028783
0 0.256457 0.552220 0.032541 0.020559
0 0.348140 0.578125 0.021694 0.031250
0 0.349174 0.492188 0.017562 0.030428
0 0.392562 0.467516 0.036157 0.040296
0 0.428719 0.500822 0.027893 0.032895
0 0.450671 0.679276 0.059401 0.044408
0 0.519628 0.597451 0.040289 0.046875
0 0.487087 0.541530 0.040289 0.056743
0 0.512138 0.463405 0.032541 0.035362
0 0.503616 0.385691 0.033058 0.026316
0 0.616736 0.645559 0.046488 0.037829
0 0.656508 0.587171 0.026860 0.031250
0 0.642820 0.531250 0.035640 0.052632
0 0.649793 0.398026 0.016529 0.016447
1 0.052169 0.707648 0.028926 0.028783
1 0.143853 0.722862 0.014979 0.052632
1 0.162707 0.628701 0.025826 0.037007
1 0.157025 0.572368 0.021694 0.018092
1 0.252583 0.682155 0.032025 0.073191
1 0.263430 0.578125 0.039256 0.039474
1 0.262913 0.533717 0.030992 0.026316
1 0.362603 0.561678 0.030992 0.041118
1 0.365186 0.472451 0.025826 0.040296
1 0.404959 0.446135 0.019628 0.048520
1 0.443698 0.475740 0.021694 0.041941
1 0.501033 0.511102 0.039256 0.079770
1 0.527634 0.444901 0.032541 0.059211
1 0.512138 0.373355 0.024277 0.032895
1 0.471849 0.642681 0.052169 0.078125
1 0.532025 0.567434 0.039256 0.062500
1 0.627583 0.628289 0.028926 0.057566
1 0.666064 0.569490 0.025310 0.028783
1 0.659349 0.508635 0.033574 0.084704
1 0.652634 0.384046 0.022211 0.019737
