0 0.345300 0.537829 0.025310 0.026316
0 0.345300 0.587582 0.031508 0.025493
0 0.345300 0.702714 0.030475 0.040296
0 0.441374 0.562500 0.025310 0.024671
0 0.433368 0.477796 0.016529 0.029605
0 0.472107 0.449836 0.032025 0.036184
0 0.511880 0.488898 0.028926 0.037007
0 0.577479 0.525082 0.045455 0.055099
0 0.592459 0.451069 0.038223 0.046875
0 0.571539 0.372944 0.029442 0.025493
0 0.612603 0.583882 0.033058 0.044408
0 0.560692 0.668586 0.058368 0.049342
0 0.715909 0.634046 0.038223 0.037829
0 0.731147 0.515625 0.029442 0.044408
0 0.745868 0.572780 0.015496 0.027138
0 0.235279 0.729441 0.016012 0.021382
0 0.722882 0.383224 0.021178 0.013158
0 0.932335 0.958882 0.029959 0.031250
1 0.266787 0.754112 0.054236 0.039474
1 0.396694 0.725740 0.087810 0.046875
1 0.380682 0.598273 0.055785 0.018914
1 0.370093 0.544408 0.028409 0.019737
1 0.481147 0.578125 0.060434 0.032895
1 0.471074 0.490543 0.059917 0.027138
1 0.521436 0.460115 0.072831 0.022204
1 0.630940 0.691612 0.108988 0.041118
1 0.556818 0.494655 0.067149 0.013980
1 0.642820 0.458882 0.070764 0.021382
1 0.613636 0.377878 0.056818 0.018914
1 0.771436 0.645970 0.072831 0.030428
1 0.674070 0.600329 0.095041 0.037829
1 0.643853 0.545641 0.090393 0.028783
1 0.809401 0.545230 0.140496 0.032895
1 0.797004 0.585115 0.079545 0.030428
1 0.905475 0.921875 0.054752 0.078947
