0 0.146694 0.722451 0.036157 0.041941
0 0.237087 0.737253 0.018595 0.033717
0 0.244060 0.640214 0.027376 0.035362
0 0.237087 0.569901 0.025826 0.023026
0 0.345558 0.702714 0.033058 0.040296
0 0.344267 0.589638 0.034607 0.026316
0 0.342975 0.535773 0.027893 0.020559
0 0.442407 0.562500 0.027376 0.027961
0 0.432593 0.479030 0.019112 0.027138
0 0.472366 0.456414 0.035640 0.046053
0 0.513430 0.488076 0.027893 0.037007
0 0.558110 0.666530 0.052169 0.048520
0 0.577738 0.526316 0.049070 0.054276
0 0.592975 0.450658 0.033058 0.041118
0 0.574380 0.372533 0.028926 0.027961
0 0.614669 0.585526 0.041322 0.047697
0 0.721074 0.634457 0.048554 0.037007
0 0.752324 0.574013 0.027376 0.024671
0 0.732696 0.517681 0.035640 0.050164
0 0.722366 0.381579 0.016012 0.016447
1 0.152634 0.701069 0.029442 0.038651
1 0.249742 0.712582 0.013946 0.045230
1 0.253874 0.618421 0.028409 0.034539
1 0.239669 0.553865 0.013430 0.020559
1 0.358213 0.670641 0.037707 0.073191
1 0.349690 0.567434 0.034091 0.031250
1 0.348140 0.521793 0.027893 0.025493
1 0.451446 0.546875 0.030992 0.039474
1 0.448089 0.465049 0.027376 0.041941
1 0.480372 0.438322 0.017562 0.059211
1 0.523244 0.467516 0.017562 0.051809
1 0.569473 0.631990 0.053202 0.078125
1 0.622417 0.554276 0.036157 0.060855
1 0.583678 0.497533 0.037190 0.072368
1 0.601756 0.424753 0.025826 0.038651
1 0.579287 0.358964 0.028409 0.027138
1 0.723140 0.610609 0.038223 0.055099
1 0.755165 0.553865 0.021694 0.028783
1 0.740444 0.489720 0.030475 0.084704
1 0.726756 0.373766 0.014463 0.018914
