0 0.287448 0.280016 0.016012 0.010691
0 0.280217 0.260691 0.017045 0.011513
0 0.351240 0.300987 0.017562 0.024671
0 0.345300 0.263980 0.018079 0.016447
0 0.342459 0.247944 0.014463 0.012336
0 0.400310 0.258635 0.019628 0.015625
0 0.399793 0.222451 0.010331 0.009046
0 0.424070 0.217516 0.023760 0.022204
0 0.449638 0.231497 0.016012 0.017270
0 0.471591 0.293586 0.033058 0.031250
0 0.508006 0.269326 0.023244 0.022204
0 0.466167 0.257401 0.013946 0.009868
0 0.486829 0.244243 0.024277 0.029605
0 0.501291 0.217105 0.021178 0.021382
0 0.493802 0.185033 0.019628 0.013158
0 0.566116 0.288240 0.025826 0.017270
0 0.583678 0.243832 0.019628 0.028783
0 0.591684 0.194079 0.008781 0.008224
0 0.500000 0.306743 0.027893 0.011513
