0 0.287707 0.308799 0.010331 0.013980
0 0.349174 0.297697 0.015496 0.024671
0 0.344525 0.264803 0.016529 0.014803
0 0.342975 0.249178 0.020661 0.014803
0 0.404184 0.257812 0.014979 0.013980
0 0.397727 0.225329 0.010331 0.021382
0 0.422521 0.216694 0.024793 0.022204
0 0.448605 0.231086 0.016012 0.023026
0 0.487087 0.245066 0.026860 0.032895
0 0.507490 0.266859 0.025310 0.022204
0 0.473140 0.291941 0.028926 0.029605
0 0.492252 0.186678 0.023760 0.016447
0 0.564308 0.286595 0.021178 0.020559
0 0.591167 0.195312 0.011880 0.010691
0 0.581353 0.243421 0.016012 0.027961
0 0.499742 0.219572 0.020145 0.026316
0 0.589876 0.264803 0.016529 0.018092
1 0.304752 0.310855 0.022727 0.009868
1 0.377583 0.310033 0.045455 0.016447
1 0.366736 0.271382 0.035124 0.011513
1 0.356921 0.252878 0.020661 0.010691
1 0.427686 0.266859 0.037190 0.015625
1 0.423295 0.234375 0.036674 0.018092
1 0.452738 0.224095 0.040806 0.013980
1 0.466684 0.240543 0.025310 0.010691
1 0.512138 0.309211 0.064566 0.024671
1 0.536674 0.279194 0.037190 0.013980
1 0.529184 0.258635 0.055269 0.013980
1 0.532283 0.228207 0.042872 0.009046
1 0.517562 0.189967 0.034091 0.008224
1 0.595041 0.295641 0.046488 0.013980
1 0.621126 0.276316 0.042872 0.016447
1 0.633264 0.261513 0.076446 0.023026
1 0.610279 0.198602 0.031508 0.007401
