0 0.287707 0.308799 0.010331 0.013980
0 0.349174 0.297697 0.015496 0.024671
0 0.344525 0.264803 0.016529 0.014803
0 0.342975 0.249178 0.020661 0.014803
0 0.404184 0.257812 0.014979 0.013980
0 0.397727 0.225329 0.010331 0.021382
0 0.422521 0.216694 0.024793 0.022204
0 0.448605 0.231086 0.016012 0.023026
0 0.487087 0.245066 0.026860 0.032895
0 0.507490 0.266859 0.025310 0.022204
0 0.473140 0.291941 0.028926 0.029605
0 0.492252 0.186678 0.023760 0.016447
0 0.564308 0.286595 0.021178 0.020559
0 0.591167 0.195312 0.011880 0.010691
0 0.581353 0.243421 0.016012 0.027961
0 0.499742 0.219572 0.020145 0.026316
0 0.589876 0.264803 0.016529 0.018092
