0 0.337293 0.247122 0.016529 0.013980
0 0.347882 0.267681 0.013946 0.018914
0 0.401085 0.234786 0.014979 0.013980
0 0.414256 0.285362 0.019628 0.021382
0 0.463326 0.245888 0.014463 0.016447
0 0.453512 0.211760 0.009298 0.013980
0 0.477789 0.203947 0.019628 0.023026
0 0.503874 0.218750 0.017045 0.019737
0 0.535382 0.277961 0.031508 0.024671
0 0.545196 0.230674 0.026343 0.030428
0 0.566890 0.255345 0.024277 0.025493
0 0.555010 0.206003 0.020145 0.023849
0 0.541064 0.173931 0.019112 0.018914
0 0.628099 0.275493 0.025826 0.021382
0 0.649535 0.255757 0.011880 0.013158
0 0.639721 0.229441 0.018079 0.027961
0 0.641529 0.181743 0.012397 0.008224
1 0.327738 0.243010 0.018079 0.009046
1 0.509556 0.275493 0.030475 0.026316
1 0.389463 0.231908 0.012397 0.014803
1 0.337552 0.268914 0.009814 0.008224
1 0.438533 0.210115 0.023760 0.022204
1 0.447831 0.243421 0.019628 0.016447
1 0.462552 0.198602 0.019112 0.018914
1 0.493802 0.217516 0.010331 0.018914
1 0.523244 0.226974 0.024793 0.018092
1 0.534866 0.201891 0.021178 0.027138
1 0.529184 0.168997 0.009814 0.022204
1 0.549845 0.250000 0.018079 0.018092
1 0.524277 0.227796 0.023760 0.023026
1 0.607696 0.272615 0.021178 0.020559
1 0.639979 0.253289 0.010331 0.014803
1 0.610795 0.224918 0.037707 0.032072
1 0.633781 0.179276 0.010331 0.009868
