0 0.400568 0.235609 0.020145 0.017270
0 0.414256 0.285362 0.018595 0.021382
0 0.460486 0.242599 0.013946 0.011513
0 0.451963 0.209704 0.014463 0.016447
0 0.475981 0.201891 0.021178 0.020559
0 0.502841 0.216283 0.017045 0.019737
0 0.533316 0.274671 0.032541 0.019737
0 0.543130 0.231908 0.025310 0.031250
0 0.540289 0.173109 0.019628 0.015625
0 0.567149 0.255345 0.024793 0.027138
0 0.553719 0.204359 0.022727 0.025493
0 0.623192 0.273849 0.019112 0.019737
0 0.639205 0.230674 0.019112 0.032072
0 0.651860 0.252878 0.019628 0.017270
0 0.639205 0.180510 0.013946 0.012336
0 0.399535 0.254523 0.016012 0.018914
1 0.443698 0.300576 0.047521 0.020559
1 0.424587 0.261924 0.036157 0.010691
1 0.414256 0.240954 0.022727 0.008224
1 0.485021 0.252878 0.042355 0.015625
1 0.475465 0.221217 0.042872 0.013158
1 0.506457 0.212582 0.038740 0.012336
1 0.518853 0.225740 0.029442 0.010691
1 0.574638 0.294408 0.066632 0.021382
1 0.597624 0.270148 0.039256 0.015625
1 0.583678 0.247533 0.052686 0.013158
1 0.585227 0.216694 0.037190 0.013980
1 0.565341 0.177632 0.032541 0.008224
1 0.657025 0.283306 0.047521 0.015625
1 0.680527 0.263158 0.040806 0.013158
1 0.691116 0.248766 0.083678 0.017270
1 0.659349 0.186678 0.024277 0.009868
