0 0.278409 0.260280 0.015496 0.013980
0 0.287707 0.283717 0.017562 0.018092
0 0.290548 0.310855 0.007748 0.011513
0 0.349432 0.298520 0.016012 0.019737
0 0.345300 0.265214 0.018079 0.013980
0 0.342459 0.247122 0.017562 0.015625
0 0.403926 0.258635 0.013430 0.015625
0 0.398244 0.224095 0.013430 0.018914
0 0.424329 0.216694 0.020145 0.020559
0 0.448864 0.231908 0.015496 0.019737
0 0.472882 0.289474 0.027376 0.021382
0 0.487603 0.243832 0.027893 0.030428
0 0.508523 0.267681 0.018079 0.025493
0 0.501291 0.217928 0.024277 0.023026
0 0.493802 0.186678 0.021694 0.018092
0 0.566374 0.287007 0.026343 0.021382
0 0.590134 0.267681 0.016012 0.013980
0 0.583419 0.240543 0.021178 0.030428
0 0.591426 0.193668 0.009298 0.012336
1 0.266787 0.259046 0.009814 0.013158
1 0.274793 0.311678 0.015496 0.009868
1 0.275052 0.284951 0.014979 0.017270
1 0.323089 0.297697 0.042872 0.019737
1 0.328512 0.264391 0.018595 0.018914
1 0.334452 0.245066 0.012913 0.014803
1 0.448347 0.287418 0.028926 0.020559
1 0.391529 0.257401 0.018595 0.016447
1 0.384814 0.221628 0.017562 0.017270
1 0.411157 0.211349 0.016529 0.016447
1 0.438017 0.228207 0.009298 0.017270
1 0.465134 0.235197 0.023244 0.019737
1 0.494060 0.262336 0.022211 0.021382
1 0.484504 0.214638 0.019628 0.024671
1 0.480372 0.182566 0.006198 0.016447
1 0.545971 0.284539 0.020661 0.021382
1 0.582128 0.266036 0.009298 0.012336
1 0.561209 0.237664 0.035640 0.029605
1 0.582645 0.192023 0.008264 0.010691
