0 0.400568 0.235609 0.020145 0.017270
0 0.414256 0.285362 0.018595 0.021382
0 0.460486 0.242599 0.013946 0.011513
0 0.451963 0.209704 0.014463 0.016447
0 0.475981 0.201891 0.021178 0.020559
0 0.502841 0.216283 0.017045 0.019737
0 0.533316 0.274671 0.032541 0.019737
0 0.543130 0.231908 0.025310 0.031250
0 0.540289 0.173109 0.019628 0.015625
0 0.567149 0.255345 0.024793 0.027138
0 0.553719 0.204359 0.022727 0.025493
0 0.623192 0.273849 0.019112 0.019737
0 0.639205 0.230674 0.019112 0.032072
0 0.651860 0.252878 0.019628 0.017270
0 0.639205 0.180510 0.013946 0.012336
0 0.399535 0.254523 0.016012 0.018914
