0 0.278667 0.262336 0.018079 0.016447
0 0.286415 0.285362 0.016012 0.019737
0 0.289514 0.309622 0.007748 0.009046
0 0.344783 0.264803 0.018079 0.014803
0 0.342200 0.247944 0.018079 0.012336
0 0.349690 0.298520 0.016529 0.023026
0 0.404184 0.258224 0.013946 0.016447
0 0.399019 0.225740 0.008781 0.017270
0 0.424070 0.217105 0.022727 0.024671
0 0.448864 0.231908 0.018595 0.018092
0 0.472624 0.291530 0.030992 0.025493
0 0.488636 0.245888 0.029959 0.029605
0 0.500517 0.218339 0.020661 0.025493
0 0.491994 0.186266 0.022211 0.017270
0 0.507231 0.268092 0.023760 0.026316
0 0.565599 0.287418 0.027893 0.020559
0 0.589101 0.267681 0.016012 0.013980
0 0.580837 0.242599 0.018079 0.026316
0 0.589618 0.194490 0.010847 0.012336
0 0.613636 0.222039 0.009298 0.008224
1 0.283574 0.254934 0.010331 0.009868
1 0.357180 0.292763 0.010847 0.016447
1 0.355630 0.263158 0.007748 0.014803
1 0.411674 0.254523 0.012397 0.013980
1 0.406508 0.222862 0.010331 0.016447
1 0.433110 0.212582 0.012913 0.023849
1 0.457128 0.228207 0.009298 0.018914
1 0.490186 0.288651 0.016529 0.027961
1 0.499483 0.240543 0.015496 0.030428
1 0.499483 0.180510 0.011364 0.015625
1 0.513171 0.216283 0.012913 0.024671
1 0.519370 0.263158 0.014979 0.023026
1 0.572831 0.283717 0.013430 0.019737
1 0.596333 0.238487 0.017045 0.031250
1 0.596849 0.192023 0.008781 0.012336
1 0.597882 0.263980 0.008781 0.014803
1 0.620351 0.221628 0.011364 0.007401
