0 0.350723 0.298520 0.016529 0.019737
0 0.353048 0.262747 0.008781 0.010691
0 0.404959 0.259868 0.013430 0.018092
0 0.399019 0.224095 0.008781 0.015625
0 0.448605 0.232319 0.016012 0.020559
0 0.424587 0.217516 0.022727 0.023849
0 0.473140 0.291941 0.027893 0.027961
0 0.487345 0.248766 0.027376 0.037007
0 0.509814 0.268503 0.020661 0.023849
0 0.501550 0.219984 0.020661 0.027138
0 0.492769 0.188322 0.017562 0.016447
0 0.458419 0.180921 0.017045 0.008224
0 0.563791 0.289885 0.025310 0.025493
0 0.583161 0.241776 0.020661 0.023026
0 0.589618 0.269326 0.012913 0.013980
1 0.357438 0.293586 0.008264 0.016447
1 0.482696 0.282484 0.010847 0.017270
1 0.435434 0.215461 0.008264 0.021382
1 0.494318 0.238898 0.019628 0.027138
1 0.569473 0.280016 0.014979 0.005757
1 0.589876 0.238487 0.013430 0.021382
1 0.408574 0.253701 0.012397 0.010691
