0 0.337552 0.243421 0.017045 0.011513
0 0.414514 0.286184 0.014979 0.024671
0 0.349948 0.271382 0.018079 0.016447
0 0.409091 0.250000 0.012397 0.009868
0 0.400310 0.234786 0.015496 0.012336
0 0.461260 0.245066 0.013430 0.016447
0 0.452479 0.211349 0.012397 0.014803
0 0.477273 0.204359 0.023760 0.023849
0 0.502841 0.218750 0.016012 0.021382
0 0.534349 0.280016 0.030475 0.028783
0 0.541581 0.173520 0.021178 0.018092
0 0.567149 0.254934 0.023760 0.024671
0 0.544938 0.232730 0.029959 0.032895
0 0.627066 0.276727 0.029959 0.022204
0 0.648760 0.256168 0.013430 0.015625
0 0.639721 0.230263 0.021178 0.026316
0 0.666581 0.210526 0.011880 0.008224
0 0.639463 0.181332 0.012397 0.013980
0 0.554494 0.206414 0.023244 0.026316
1 0.420455 0.279194 0.007231 0.013980
1 0.403409 0.228207 0.013430 0.005757
1 0.468233 0.240954 0.011880 0.013158
1 0.461260 0.213405 0.008264 0.013980
1 0.486829 0.201069 0.011880 0.022204
1 0.511364 0.214227 0.012397 0.018914
1 0.549845 0.273849 0.013946 0.024671
1 0.577479 0.249178 0.010331 0.019737
1 0.553719 0.224918 0.019628 0.032072
1 0.566632 0.200658 0.013430 0.023026
1 0.548554 0.166941 0.013430 0.016447
1 0.633264 0.270148 0.015496 0.017270
1 0.656508 0.251234 0.011364 0.012336
1 0.650568 0.226562 0.014979 0.028783
1 0.671229 0.208059 0.013946 0.008224
1 0.646952 0.176809 0.008781 0.009868
