0 0.415806 0.283306 0.016529 0.017270
0 0.462293 0.245066 0.011364 0.014803
0 0.453771 0.210938 0.011880 0.015625
0 0.504132 0.219572 0.017562 0.021382
0 0.479081 0.202714 0.020145 0.018914
0 0.542097 0.174342 0.019112 0.018092
0 0.536674 0.278783 0.028926 0.027961
0 0.545455 0.233141 0.025826 0.032072
0 0.554752 0.206414 0.023760 0.023026
0 0.567665 0.254112 0.022727 0.024671
0 0.627066 0.276316 0.025826 0.021382
0 0.638946 0.231086 0.017562 0.023026
0 0.649019 0.256579 0.012913 0.011513
0 0.641271 0.181743 0.010847 0.009868
1 0.414773 0.275905 0.007231 0.009046
1 0.535124 0.269737 0.020661 0.014803
1 0.622934 0.268092 0.022727 0.004934
1 0.476756 0.192845 0.017562 0.009046
