0 0.337552 0.245888 0.010847 0.011513
0 0.400310 0.233553 0.014463 0.008224
0 0.416322 0.286184 0.015496 0.023026
0 0.454287 0.210115 0.008781 0.013980
0 0.462810 0.244655 0.013430 0.013980
0 0.478564 0.203125 0.019112 0.023026
0 0.503874 0.218750 0.012913 0.018092
0 0.537448 0.280839 0.029442 0.028783
0 0.567665 0.257401 0.024793 0.026316
0 0.547004 0.231908 0.029959 0.029605
0 0.554752 0.206826 0.019628 0.020559
0 0.541064 0.170641 0.019112 0.013980
0 0.624742 0.273438 0.019112 0.015625
0 0.640496 0.233141 0.018595 0.032072
0 0.640238 0.179276 0.008781 0.011513
0 0.348140 0.281661 0.017562 0.013980
0 0.520919 0.240954 0.013946 0.009868
1 0.331353 0.255345 0.014979 0.010691
1 0.418388 0.299753 0.018595 0.010691
1 0.532283 0.303043 0.031508 0.018914
1 0.458678 0.256579 0.019628 0.019737
1 0.451705 0.222862 0.024277 0.014803
1 0.475981 0.218339 0.020145 0.013980
1 0.499483 0.233964 0.016529 0.015625
1 0.564824 0.276727 0.028409 0.015625
1 0.540289 0.257401 0.027893 0.027961
1 0.519370 0.247122 0.012913 0.005757
1 0.536674 0.182977 0.020661 0.010691
1 0.555010 0.222039 0.012913 0.013158
1 0.627324 0.284539 0.021178 0.011513
1 0.643079 0.266036 0.029959 0.043586
1 0.641787 0.189556 0.008781 0.005757
