0 0.278409 0.260280 0.015496 0.013980
0 0.287707 0.283717 0.017562 0.018092
0 0.290548 0.310855 0.007748 0.011513
0 0.349432 0.298520 0.016012 0.019737
0 0.345300 0.265214 0.018079 0.013980
0 0.342459 0.247122 0.017562 0.015625
0 0.403926 0.258635 0.013430 0.015625
0 0.398244 0.224095 0.013430 0.018914
0 0.424329 0.216694 0.020145 0.020559
0 0.448864 0.231908 0.015496 0.019737
0 0.472882 0.289474 0.027376 0.021382
0 0.487603 0.243832 0.027893 0.030428
0 0.508523 0.267681 0.018079 0.025493
0 0.501291 0.217928 0.024277 0.023026
0 0.493802 0.186678 0.021694 0.018092
0 0.566374 0.287007 0.026343 0.021382
0 0.590134 0.267681 0.016012 0.013980
0 0.583419 0.240543 0.021178 0.030428
0 0.591426 0.193668 0.009298 0.012336
