0 0.153926 0.490954 0.032025 0.032895
0 0.313017 0.490132 0.035124 0.046053
0 0.282541 0.568257 0.038223 0.044408
0 0.318957 0.592105 0.025310 0.031250
0 0.352273 0.543997 0.028926 0.033717
0 0.439824 0.500000 0.038740 0.042763
0 0.466684 0.416941 0.034607 0.031250
0 0.394370 0.673520 0.026343 0.034539
0 0.515238 0.492599 0.036674 0.044408
0 0.579029 0.453125 0.030992 0.032895
0 0.464876 0.590872 0.026860 0.023849
0 0.486570 0.667352 0.030992 0.053454
0 0.548554 0.750000 0.022727 0.041118
0 0.664773 0.643914 0.032025 0.044408
0 0.620868 0.520559 0.037190 0.055921
0 0.649535 0.831414 0.021178 0.037829
0 0.238895 0.406250 0.017045 0.024671
0 0.419421 0.778372 0.040289 0.038651
0 0.686725 0.726974 0.030475 0.042763
1 0.183626 0.502467 0.039773 0.021382
1 0.257231 0.406250 0.025826 0.009868
1 0.321798 0.579359 0.041322 0.020559
1 0.356147 0.610197 0.057335 0.032895
1 0.352789 0.504112 0.056818 0.021382
1 0.389463 0.558388 0.051653 0.024671
1 0.436983 0.699836 0.060950 0.041118
1 0.457128 0.790296 0.052686 0.037829
1 0.534091 0.685033 0.072314 0.044408
1 0.576188 0.763158 0.042872 0.034539
1 0.498192 0.605674 0.041839 0.028783
1 0.507231 0.523026 0.099174 0.036184
1 0.559143 0.504523 0.069731 0.022204
1 0.524019 0.432155 0.091426 0.023849
1 0.606663 0.455181 0.041839 0.015625
1 0.675620 0.530016 0.081612 0.023849
1 0.733213 0.667763 0.115186 0.054276
1 0.743285 0.752056 0.087810 0.038651
1 0.705837 0.859786 0.090393 0.063322
