1 0.153409 0.491776 0.029959 0.037829
1 0.283833 0.565789 0.044938 0.039474
1 0.236570 0.405428 0.020661 0.019737
1 0.310950 0.487253 0.033058 0.041941
1 0.352273 0.544408 0.029959 0.031250
1 0.324638 0.592105 0.019112 0.031250
1 0.439308 0.498766 0.037707 0.043586
1 0.516012 0.490954 0.028926 0.042763
1 0.517045 0.424753 0.014463 0.022204
1 0.392045 0.675987 0.022727 0.037829
1 0.464360 0.587993 0.020661 0.024671
1 0.421229 0.774671 0.031508 0.041118
1 0.576705 0.451069 0.023244 0.037007
1 0.617769 0.518503 0.033058 0.050164
1 0.549329 0.751234 0.034607 0.045230
1 0.661932 0.638158 0.029442 0.039474
1 0.649793 0.826480 0.034091 0.042763
1 0.690599 0.724095 0.032025 0.037007
0 0.396178 0.781661 0.048554 0.027138
0 0.358988 0.678865 0.051653 0.023849
0 0.445506 0.677220 0.077996 0.040296
0 0.224432 0.571957 0.075930 0.046875
0 0.120610 0.489309 0.048037 0.036184
0 0.262138 0.492599 0.082128 0.042763
0 0.213843 0.405016 0.026860 0.020559
0 0.378616 0.509457 0.097107 0.032072
0 0.295713 0.602385 0.042872 0.025493
0 0.297779 0.543997 0.089360 0.027138
0 0.505682 0.758635 0.074380 0.028783
0 0.423295 0.595806 0.063533 0.022204
0 0.398502 0.417763 0.090393 0.032895
0 0.472624 0.495477 0.056818 0.028783
0 0.544421 0.454770 0.057851 0.031250
0 0.495610 0.428043 0.028409 0.009046
0 0.553977 0.532484 0.104855 0.048520
0 0.597624 0.651727 0.117769 0.038651
0 0.647469 0.745477 0.074897 0.033717
0 0.615702 0.835526 0.055785 0.029605
1 0.465393 0.412829 0.035124 0.034539
1 0.488636 0.663651 0.024793 0.042763
