0 0.077479 0.505757 0.025826 0.034539
0 0.194473 0.578947 0.042872 0.037829
0 0.232180 0.505345 0.035640 0.045230
0 0.171488 0.417352 0.018595 0.017270
0 0.230888 0.605674 0.021694 0.028783
0 0.265754 0.557155 0.027376 0.038651
0 0.373450 0.604441 0.020661 0.026316
0 0.356921 0.513158 0.039256 0.042763
0 0.311209 0.787418 0.033574 0.038651
0 0.386880 0.677220 0.027893 0.045230
0 0.387138 0.426809 0.044938 0.031250
0 0.431560 0.500000 0.033574 0.041118
0 0.442665 0.436678 0.015496 0.018092
0 0.438533 0.759046 0.034091 0.037829
0 0.531250 0.840049 0.021178 0.040296
0 0.560950 0.649671 0.026860 0.034539
0 0.532800 0.529194 0.029442 0.051809
0 0.499483 0.461760 0.022727 0.028783
0 0.580320 0.738487 0.029442 0.036184
1 0.041839 0.506168 0.053719 0.038651
1 0.144628 0.583882 0.077479 0.031250
1 0.183110 0.507401 0.087293 0.042763
1 0.147211 0.418586 0.036157 0.016447
1 0.290031 0.519326 0.095558 0.027138
1 0.214876 0.562089 0.086777 0.023849
1 0.201705 0.611020 0.043905 0.019737
1 0.261880 0.693257 0.050620 0.021382
1 0.292097 0.792352 0.049070 0.028783
1 0.345558 0.691201 0.079545 0.048520
1 0.331353 0.610609 0.069731 0.023849
1 0.331353 0.432566 0.096591 0.031250
1 0.397986 0.767270 0.081095 0.026316
1 0.389979 0.503701 0.055785 0.037007
1 0.465134 0.464227 0.053202 0.030428
1 0.427686 0.438322 0.029959 0.018092
1 0.504649 0.666941 0.105372 0.039474
1 0.472882 0.539474 0.104855 0.039474
1 0.496901 0.853207 0.065083 0.028783
1 0.535124 0.752467 0.074380 0.027961
0 0.292872 0.685855 0.032025 0.047697
