0 0.153151 0.491365 0.031508 0.035362
0 0.239153 0.406250 0.020661 0.019737
0 0.312242 0.489720 0.033574 0.046875
0 0.281767 0.566612 0.039773 0.041118
0 0.321539 0.592928 0.029442 0.029605
0 0.351498 0.544819 0.027376 0.035362
0 0.358213 0.396793 0.016012 0.015625
0 0.394886 0.674753 0.022211 0.032072
0 0.440083 0.499178 0.041322 0.046053
0 0.464618 0.415296 0.035640 0.032895
0 0.463843 0.590049 0.024793 0.025493
0 0.485537 0.665296 0.021694 0.046053
0 0.514463 0.490132 0.030992 0.037829
0 0.516787 0.426398 0.019112 0.018914
0 0.576963 0.451069 0.026860 0.032072
0 0.619060 0.518914 0.031508 0.050987
0 0.660640 0.638158 0.024793 0.031250
0 0.691890 0.721628 0.018079 0.025493
1 0.165806 0.476562 0.024793 0.040296
1 0.250000 0.394737 0.017562 0.026316
1 0.300362 0.545641 0.023244 0.053454
1 0.327738 0.473273 0.024277 0.046875
1 0.339618 0.581414 0.031508 0.037829
1 0.363120 0.525905 0.025826 0.035362
1 0.405475 0.663240 0.021694 0.043586
1 0.482180 0.571135 0.024277 0.035362
1 0.364153 0.387747 0.021694 0.013980
1 0.458936 0.480674 0.035640 0.061678
1 0.503357 0.647204 0.027376 0.049342
1 0.529959 0.469984 0.028926 0.040296
1 0.487087 0.397204 0.033058 0.046053
1 0.588843 0.440378 0.027893 0.040296
1 0.637397 0.496711 0.027893 0.057566
1 0.679494 0.614309 0.030475 0.052632
1 0.707386 0.706414 0.023244 0.050987
