0 0.077479 0.505757 0.025826 0.034539
0 0.194473 0.578947 0.042872 0.037829
0 0.232180 0.505345 0.035640 0.045230
0 0.171488 0.417352 0.018595 0.017270
0 0.230888 0.605674 0.021694 0.028783
0 0.265754 0.557155 0.027376 0.038651
0 0.373450 0.604441 0.020661 0.026316
0 0.356921 0.513158 0.039256 0.042763
0 0.311209 0.787418 0.033574 0.038651
0 0.386880 0.677220 0.027893 0.045230
0 0.387138 0.426809 0.044938 0.031250
0 0.431560 0.500000 0.033574 0.041118
0 0.442665 0.436678 0.015496 0.018092
0 0.438533 0.759046 0.034091 0.037829
0 0.531250 0.840049 0.021178 0.040296
0 0.560950 0.649671 0.026860 0.034539
0 0.532800 0.529194 0.029442 0.051809
0 0.499483 0.461760 0.022727 0.028783
0 0.580320 0.738487 0.029442 0.036184
0 0.292872 0.685855 0.032025 0.047697
