0 0.155992 0.491365 0.026860 0.032072
0 0.283833 0.562911 0.040806 0.035362
0 0.241219 0.403372 0.016529 0.017270
0 0.313533 0.488076 0.034091 0.048520
0 0.467459 0.413651 0.035124 0.032895
0 0.323864 0.594161 0.027893 0.027138
0 0.350465 0.543174 0.027376 0.033717
0 0.392820 0.677220 0.020145 0.033717
0 0.424587 0.773849 0.028926 0.036184
0 0.438791 0.502056 0.039773 0.048520
0 0.466684 0.588816 0.026343 0.024671
0 0.487862 0.662007 0.025310 0.042763
0 0.551653 0.748355 0.029959 0.037829
0 0.517820 0.423931 0.017045 0.020559
0 0.575930 0.453125 0.028926 0.034539
0 0.617769 0.518914 0.033058 0.050987
0 0.662448 0.638158 0.030475 0.039474
0 0.650052 0.829359 0.020145 0.037007
0 0.691890 0.722862 0.021178 0.032895
0 0.516529 0.489309 0.032025 0.044408
1 0.108471 0.500822 0.075413 0.027961
1 0.249742 0.511513 0.098657 0.034539
1 0.213843 0.411184 0.041322 0.013158
1 0.225465 0.587993 0.086260 0.041118
1 0.275052 0.618421 0.089360 0.041118
1 0.323864 0.558799 0.045455 0.017270
1 0.365961 0.687911 0.036674 0.032072
1 0.400826 0.797286 0.049587 0.033717
1 0.394886 0.524671 0.066632 0.023026
1 0.401860 0.443257 0.129132 0.034539
1 0.479339 0.509046 0.052686 0.029605
1 0.430527 0.611842 0.068698 0.037829
1 0.446281 0.694490 0.076446 0.053454
1 0.508523 0.784951 0.070764 0.051809
1 0.563791 0.549753 0.091426 0.041941
1 0.549329 0.465049 0.057335 0.022204
1 0.505424 0.428865 0.020145 0.012336
1 0.603306 0.688734 0.111570 0.096217
1 0.652376 0.765625 0.075413 0.077303
1 0.621901 0.858141 0.056818 0.058388
