0 0.153151 0.490954 0.028409 0.044408
0 0.239411 0.402138 0.014979 0.016447
0 0.284607 0.562089 0.033058 0.033717
0 0.311725 0.486431 0.034607 0.045230
0 0.321023 0.591694 0.025310 0.027138
0 0.350981 0.542352 0.026343 0.032072
0 0.438533 0.500822 0.037190 0.046053
0 0.464876 0.412829 0.032025 0.029605
0 0.418388 0.774671 0.037190 0.034539
0 0.393595 0.674342 0.020661 0.032895
0 0.469525 0.585526 0.012397 0.026316
0 0.486054 0.663651 0.022727 0.046053
0 0.549587 0.747122 0.032025 0.035362
0 0.514721 0.490132 0.028409 0.042763
0 0.515754 0.423520 0.014979 0.019737
0 0.576705 0.448602 0.027376 0.028783
0 0.617769 0.516859 0.029959 0.043586
0 0.660899 0.638158 0.022211 0.036184
0 0.650826 0.828536 0.017562 0.038651
0 0.688275 0.722451 0.023244 0.030428
1 0.110537 0.501234 0.064050 0.025493
1 0.228564 0.586349 0.088326 0.039474
1 0.212810 0.414062 0.035124 0.020559
1 0.273502 0.618010 0.095558 0.048520
1 0.250517 0.516036 0.102273 0.032072
1 0.368543 0.685033 0.037707 0.024671
1 0.394628 0.794819 0.053719 0.028783
1 0.446281 0.694901 0.082645 0.036184
1 0.427944 0.607319 0.073864 0.041941
1 0.360795 0.523849 0.133781 0.032895
1 0.317924 0.560444 0.047004 0.020559
1 0.399535 0.442023 0.131715 0.032072
1 0.478048 0.503701 0.050103 0.028783
1 0.509556 0.781661 0.070764 0.055099
1 0.600207 0.685033 0.114669 0.085526
1 0.564566 0.550164 0.099174 0.046053
1 0.548554 0.462582 0.057851 0.018914
1 0.497676 0.428043 0.025310 0.015625
1 0.625258 0.857319 0.054236 0.066612
1 0.651085 0.768914 0.082128 0.074013
