0 0.078512 0.502878 0.025826 0.033717
0 0.194990 0.580181 0.042872 0.043586
0 0.235279 0.502467 0.033574 0.047697
0 0.173295 0.416941 0.018079 0.016447
0 0.231147 0.606497 0.027376 0.028783
0 0.267304 0.557155 0.031508 0.033717
0 0.392820 0.426398 0.030475 0.033717
0 0.294938 0.687911 0.021694 0.033717
0 0.311209 0.785362 0.036674 0.031250
0 0.387138 0.676398 0.025310 0.048520
0 0.377066 0.599918 0.014463 0.020559
0 0.355630 0.510691 0.040806 0.039474
0 0.432851 0.502056 0.029959 0.041941
0 0.443957 0.437089 0.016012 0.023849
0 0.500517 0.464638 0.024793 0.031250
0 0.533574 0.531250 0.030992 0.049342
0 0.562242 0.650082 0.028409 0.040296
0 0.440599 0.759868 0.033058 0.034539
0 0.583678 0.735609 0.016529 0.030428
0 0.533574 0.844572 0.024793 0.039474
