0 0.076188 0.507812 0.029442 0.040296
0 0.170713 0.420230 0.018079 0.019737
0 0.193440 0.579770 0.045971 0.042763
0 0.232180 0.503701 0.033574 0.051809
0 0.240702 0.603618 0.041322 0.023026
0 0.266271 0.557566 0.032541 0.034539
0 0.355630 0.513158 0.038740 0.047697
0 0.394112 0.427632 0.027893 0.027961
0 0.441632 0.437500 0.015496 0.023026
0 0.499483 0.462993 0.025826 0.034539
0 0.433110 0.501234 0.031508 0.037007
0 0.373192 0.600329 0.024277 0.026316
0 0.296488 0.688322 0.025826 0.037829
0 0.384298 0.676809 0.029959 0.046053
0 0.309401 0.786595 0.039256 0.033717
0 0.439308 0.762747 0.025310 0.043586
0 0.531767 0.843339 0.022211 0.035362
0 0.560434 0.655839 0.024793 0.046875
0 0.532283 0.529194 0.032541 0.045230
0 0.579545 0.735197 0.028926 0.032895
