0 0.078512 0.502878 0.025826 0.033717
0 0.194990 0.580181 0.042872 0.043586
0 0.235279 0.502467 0.033574 0.047697
0 0.173295 0.416941 0.018079 0.016447
0 0.231147 0.606497 0.027376 0.028783
0 0.267304 0.557155 0.031508 0.033717
0 0.392820 0.426398 0.030475 0.033717
0 0.294938 0.687911 0.021694 0.033717
0 0.311209 0.785362 0.036674 0.031250
0 0.387138 0.676398 0.025310 0.048520
0 0.377066 0.599918 0.014463 0.020559
0 0.355630 0.510691 0.040806 0.039474
0 0.432851 0.502056 0.029959 0.041941
0 0.443957 0.437089 0.016012 0.023849
0 0.500517 0.464638 0.024793 0.031250
0 0.533574 0.531250 0.030992 0.049342
0 0.562242 0.650082 0.028409 0.040296
0 0.440599 0.759868 0.033058 0.034539
0 0.583678 0.735609 0.016529 0.030428
0 0.533574 0.844572 0.024793 0.039474
1 0.135589 0.596628 0.093492 0.035362
1 0.037707 0.511513 0.066116 0.018092
1 0.173037 0.524260 0.106405 0.027138
1 0.144112 0.427632 0.043388 0.016447
1 0.321281 0.455181 0.125000 0.038651
1 0.181302 0.630757 0.089876 0.041118
1 0.236312 0.572368 0.041839 0.016447
1 0.285640 0.543586 0.120868 0.037829
1 0.268337 0.700247 0.037707 0.032072
1 0.289514 0.809622 0.058368 0.030428
1 0.345041 0.710938 0.072314 0.053454
1 0.336519 0.622122 0.069731 0.043586
1 0.394370 0.794819 0.080062 0.053454
1 0.476756 0.562500 0.086777 0.044408
1 0.395403 0.520970 0.051136 0.028783
1 0.425620 0.444490 0.026860 0.018914
1 0.465909 0.475740 0.047521 0.032072
1 0.495868 0.698191 0.111570 0.087171
1 0.542872 0.777549 0.076446 0.078125
1 0.505682 0.866365 0.044421 0.046875
