0 0.283316 0.565378 0.036674 0.043586
0 0.313275 0.487664 0.034607 0.039474
0 0.351756 0.543586 0.026860 0.031250
0 0.321539 0.592105 0.029442 0.031250
0 0.390754 0.672697 0.022211 0.032895
0 0.418647 0.775493 0.036674 0.039474
0 0.486312 0.665296 0.024277 0.047697
0 0.464360 0.588405 0.022727 0.022204
0 0.437242 0.497533 0.042872 0.039474
0 0.465909 0.412829 0.036157 0.031250
0 0.514205 0.490954 0.031508 0.037829
0 0.516529 0.425987 0.016529 0.023026
0 0.549845 0.748355 0.028409 0.036184
0 0.575413 0.451480 0.023760 0.029605
0 0.620093 0.516447 0.029442 0.047697
0 0.661932 0.638569 0.027376 0.037007
0 0.686725 0.724507 0.025310 0.039474
0 0.650826 0.826891 0.019628 0.035362
1 0.425362 0.486431 0.020145 0.035362
1 0.684917 0.711760 0.018595 0.020559
1 0.322572 0.583059 0.028409 0.004934
1 0.452479 0.400493 0.012397 0.013158
