0 0.153151 0.490954 0.028409 0.044408
0 0.239411 0.402138 0.014979 0.016447
0 0.284607 0.562089 0.033058 0.033717
0 0.311725 0.486431 0.034607 0.045230
0 0.321023 0.591694 0.025310 0.027138
0 0.350981 0.542352 0.026343 0.032072
0 0.438533 0.500822 0.037190 0.046053
0 0.464876 0.412829 0.032025 0.029605
0 0.418388 0.774671 0.037190 0.034539
0 0.393595 0.674342 0.020661 0.032895
0 0.469525 0.585526 0.012397 0.026316
0 0.486054 0.663651 0.022727 0.046053
0 0.549587 0.747122 0.032025 0.035362
0 0.514721 0.490132 0.028409 0.042763
0 0.515754 0.423520 0.014979 0.019737
0 0.576705 0.448602 0.027376 0.028783
0 0.617769 0.516859 0.029959 0.043586
0 0.660899 0.638158 0.022211 0.036184
0 0.650826 0.828536 0.017562 0.038651
0 0.688275 0.722451 0.023244 0.030428
