0 0.076963 0.506579 0.029959 0.041118
0 0.169680 0.417763 0.014979 0.018092
0 0.194473 0.580592 0.045971 0.042763
0 0.232438 0.502467 0.037190 0.044408
0 0.228564 0.605263 0.027376 0.029605
0 0.266529 0.557155 0.028926 0.033717
0 0.286674 0.407072 0.016529 0.011513
0 0.292614 0.685855 0.020145 0.029605
0 0.355372 0.511924 0.041322 0.041941
0 0.391271 0.427220 0.032541 0.035362
0 0.372159 0.602385 0.026343 0.028783
0 0.385589 0.674753 0.023244 0.050164
0 0.432335 0.502467 0.030992 0.041118
0 0.442665 0.437911 0.018595 0.017270
0 0.497934 0.462993 0.023760 0.031250
0 0.532541 0.528783 0.030992 0.047697
0 0.560176 0.649260 0.025310 0.035362
0 0.579804 0.738076 0.022211 0.033717
1 0.092975 0.488076 0.022727 0.032072
1 0.181818 0.409951 0.015496 0.022204
1 0.216942 0.559211 0.027893 0.050987
1 0.251291 0.483964 0.024277 0.045230
1 0.251291 0.592105 0.028409 0.039474
1 0.281767 0.538240 0.025310 0.038651
1 0.296229 0.403372 0.011880 0.015625
1 0.307335 0.678454 0.026860 0.037829
1 0.404184 0.655839 0.026343 0.040296
1 0.392562 0.587582 0.026860 0.038651
1 0.380165 0.493832 0.038223 0.061678
1 0.414514 0.409128 0.035640 0.051809
1 0.456870 0.424753 0.019112 0.030428
1 0.450155 0.487253 0.029442 0.048520
1 0.514205 0.453536 0.030475 0.041941
1 0.554752 0.511513 0.030992 0.057566
1 0.580320 0.632401 0.033574 0.060855
1 0.604081 0.719984 0.023244 0.046875
