0 0.155992 0.491365 0.026860 0.032072
0 0.283833 0.562911 0.040806 0.035362
0 0.241219 0.403372 0.016529 0.017270
0 0.313533 0.488076 0.034091 0.048520
0 0.467459 0.413651 0.035124 0.032895
0 0.323864 0.594161 0.027893 0.027138
0 0.350465 0.543174 0.027376 0.033717
0 0.392820 0.677220 0.020145 0.033717
0 0.424587 0.773849 0.028926 0.036184
0 0.438791 0.502056 0.039773 0.048520
0 0.466684 0.588816 0.026343 0.024671
0 0.487862 0.662007 0.025310 0.042763
0 0.551653 0.748355 0.029959 0.037829
0 0.517820 0.423931 0.017045 0.020559
0 0.575930 0.453125 0.028926 0.034539
0 0.617769 0.518914 0.033058 0.050987
0 0.662448 0.638158 0.030475 0.039474
0 0.650052 0.829359 0.020145 0.037007
0 0.691890 0.722862 0.021178 0.032895
0 0.516529 0.489309 0.032025 0.044408
