0 0.153926 0.490954 0.032025 0.032895
0 0.313017 0.490132 0.035124 0.046053
0 0.282541 0.568257 0.038223 0.044408
0 0.318957 0.592105 0.025310 0.031250
0 0.352273 0.543997 0.028926 0.033717
0 0.439824 0.500000 0.038740 0.042763
0 0.466684 0.416941 0.034607 0.031250
0 0.394370 0.673520 0.026343 0.034539
0 0.515238 0.492599 0.036674 0.044408
0 0.579029 0.453125 0.030992 0.032895
0 0.464876 0.590872 0.026860 0.023849
0 0.486570 0.667352 0.030992 0.053454
0 0.548554 0.750000 0.022727 0.041118
0 0.664773 0.643914 0.032025 0.044408
0 0.620868 0.520559 0.037190 0.055921
0 0.649535 0.831414 0.021178 0.037829
0 0.238895 0.406250 0.017045 0.024671
0 0.419421 0.778372 0.040289 0.038651
0 0.686725 0.726974 0.030475 0.042763
