0 0.153409 0.491776 0.029959 0.037829
0 0.283833 0.565789 0.044938 0.039474
0 0.236570 0.405428 0.020661 0.019737
0 0.310950 0.487253 0.033058 0.041941
0 0.352273 0.544408 0.029959 0.031250
0 0.324638 0.592105 0.019112 0.031250
0 0.439308 0.498766 0.037707 0.043586
0 0.516012 0.490954 0.028926 0.042763
0 0.517045 0.424753 0.014463 0.022204
0 0.392045 0.675987 0.022727 0.037829
0 0.464360 0.587993 0.020661 0.024671
0 0.421229 0.774671 0.031508 0.041118
0 0.576705 0.451069 0.023244 0.037007
0 0.617769 0.518503 0.033058 0.050164
0 0.549329 0.751234 0.034607 0.045230
0 0.661932 0.638158 0.029442 0.039474
0 0.649793 0.826480 0.034091 0.042763
0 0.690599 0.724095 0.032025 0.037007
0 0.465393 0.412829 0.035124 0.034539
0 0.488636 0.663651 0.024793 0.042763
