0 0.05501 0.722862 0.082128 0.074013
0 0.207903 0.57977 0.083161 0.075658
0 0.345816 0.458882 0.020145 0.034539
0 0.431302 0.452303 0.067149 0.082237
0 0.260072 0.329359 0.036674 0.032072
0 0.453512 0.623355 0.053719 0.082237
0 0.540806 0.352796 0.041322 0.0625
0 0.483729 0.328125 0.033574 0.026316
0 0.407541 0.299342 0.027893 0.029605
0 0.370093 0.292352 0.013946 0.023849
0 0.352531 0.222862 0.026343 0.046053
0 0.329029 0.19449 0.039256 0.060033
0 0.528667 0.197368 0.039773 0.036184
0 0.624742 0.280016 0.023244 0.020559
0 0.607696 0.385691 0.079029 0.072368
0 0.667872 0.569079 0.027893 0.036184
0 0.632748 0.810855 0.117769 0.143092
0 0.772986 0.465461 0.026343 0.032895
0 0.747417 0.333882 0.05062 0.055921
0 0.658058 0.23273 0.025826 0.024671
0 0.697056 0.213405 0.022211 0.028783
0 0.770919 0.240954 0.081095 0.052632
0 0.850207 0.237253 0.018595 0.015625
0 0.815341 0.363487 0.041839 0.047697
0 0.906767 0.567434 0.082128 0.085526
0 0.981147 0.436266 0.023244 0.038651
0 0.863895 0.750411 0.083161 0.092928
