0 0.102789 0.591283 0.080579 0.060855
0 0.337035 0.63199 0.051136 0.071546
0 0.333161 0.465872 0.075413 0.097862
0 0.253099 0.46875 0.02686 0.036184
0 0.179494 0.342928 0.03874 0.042763
0 0.294938 0.309622 0.014463 0.022204
0 0.329545 0.311266 0.027893 0.023849
0 0.282025 0.242599 0.034091 0.036184
0 0.261105 0.206826 0.041839 0.050164
0 0.403926 0.340461 0.028926 0.029605
0 0.456095 0.363076 0.038223 0.056743
0 0.520145 0.39926 0.078512 0.074836
0 0.461002 0.20847 0.027376 0.037007
0 0.550362 0.29153 0.028409 0.020559
0 0.587293 0.244655 0.02376 0.030428
0 0.628874 0.225329 0.022211 0.023026
0 0.693698 0.253289 0.079545 0.059211
0 0.664514 0.346628 0.050103 0.056743
0 0.730114 0.373355 0.040806 0.037829
0 0.676395 0.479441 0.026343 0.029605
0 0.558626 0.584293 0.023244 0.028783
0 0.493543 0.799342 0.115186 0.092105
0 0.734762 0.759457 0.084194 0.109375
0 0.800103 0.580181 0.083678 0.083059
0 0.892045 0.448602 0.019628 0.033717
0 0.912448 0.697368 0.039773 0.054276
0 0.779959 0.248355 0.018595 0.016447
