0 0.102789 0.591283 0.080579 0.060855
0 0.337035 0.63199 0.051136 0.071546
0 0.333161 0.465872 0.075413 0.097862
0 0.253099 0.46875 0.02686 0.036184
0 0.179494 0.342928 0.03874 0.042763
0 0.294938 0.309622 0.014463 0.022204
0 0.329545 0.311266 0.027893 0.023849
0 0.282025 0.242599 0.034091 0.036184
0 0.261105 0.206826 0.041839 0.050164
0 0.403926 0.340461 0.028926 0.029605
0 0.456095 0.363076 0.038223 0.056743
0 0.520145 0.39926 0.078512 0.074836
0 0.461002 0.20847 0.027376 0.037007
0 0.550362 0.29153 0.028409 0.020559
0 0.587293 0.244655 0.02376 0.030428
0 0.628874 0.225329 0.022211 0.023026
0 0.693698 0.253289 0.079545 0.059211
0 0.664514 0.346628 0.050103 0.056743
0 0.730114 0.373355 0.040806 0.037829
0 0.676395 0.479441 0.026343 0.029605
0 0.558626 0.584293 0.023244 0.028783
0 0.493543 0.799342 0.115186 0.092105
0 0.734762 0.759457 0.084194 0.109375
0 0.800103 0.580181 0.083678 0.083059
0 0.892045 0.448602 0.019628 0.033717
0 0.912448 0.697368 0.039773 0.054276
0 0.779959 0.248355 0.018595 0.016447
1 0.055269 0.562089 0.092975 0.087993
1 0.295196 0.608964 0.056302 0.114309
1 0.237087 0.452303 0.049587 0.044408
1 0.291839 0.428043 0.086777 0.132401
1 0.166322 0.32977 0.051653 0.049342
1 0.44938 0.746299 0.102273 0.122533
1 0.23063 0.195724 0.037707 0.088816
1 0.281508 0.29523 0.020661 0.039474
1 0.272469 0.230674 0.024277 0.033717
1 0.32438 0.296875 0.016529 0.032895
1 0.390238 0.331826 0.028409 0.040296
1 0.427428 0.337582 0.04907 0.07977
1 0.475981 0.365954 0.069731 0.085526
1 0.541839 0.571957 0.029959 0.033717
1 0.44499 0.196957 0.023244 0.046875
1 0.536415 0.284128 0.030475 0.033717
1 0.573089 0.230674 0.028409 0.028783
1 0.625775 0.313734 0.068698 0.086349
1 0.660382 0.463405 0.022211 0.038651
1 0.678202 0.713816 0.100207 0.136513
1 0.771952 0.541941 0.063533 0.101974
1 0.703771 0.34375 0.039773 0.047697
1 0.625775 0.312089 0.071798 0.084704
1 0.666581 0.22903 0.073864 0.073191
1 0.775052 0.23602 0.016012 0.021382
1 0.876808 0.436678 0.021178 0.041118
1 0.887913 0.665707 0.048554 0.050164
