0 0.099948 0.591283 0.082128 0.060855
0 0.333419 0.462582 0.068698 0.07648
0 0.177169 0.339638 0.053719 0.027961
0 0.337035 0.631579 0.051136 0.067434
0 0.252583 0.470806 0.039256 0.035362
0 0.735795 0.775493 0.093492 0.131579
0 0.283833 0.244655 0.026343 0.033717
0 0.257231 0.208059 0.05062 0.060855
0 0.33032 0.313322 0.020145 0.024671
0 0.299329 0.309622 0.014979 0.022204
0 0.548295 0.296464 0.027376 0.027138
0 0.457903 0.36801 0.051136 0.058388
0 0.519112 0.398026 0.079545 0.057566
0 0.403409 0.344572 0.027893 0.029605
0 0.568698 0.816612 0.049587 0.050987
0 0.523244 0.86472 0.051653 0.068257
0 0.554236 0.578125 0.028926 0.019737
0 0.660899 0.341283 0.051136 0.049342
0 0.675362 0.480674 0.029442 0.038651
0 0.728564 0.372122 0.058368 0.035362
0 0.693698 0.253289 0.086777 0.057566
0 0.587293 0.245066 0.020661 0.026316
0 0.778926 0.246299 0.022727 0.022204
0 0.889979 0.445312 0.024793 0.030428
0 0.805785 0.578947 0.067149 0.074013
0 0.913481 0.695724 0.048037 0.052632
