0 0.05501 0.722862 0.082128 0.074013
0 0.207903 0.57977 0.083161 0.075658
0 0.345816 0.458882 0.020145 0.034539
0 0.431302 0.452303 0.067149 0.082237
0 0.260072 0.329359 0.036674 0.032072
0 0.453512 0.623355 0.053719 0.082237
0 0.540806 0.352796 0.041322 0.0625
0 0.483729 0.328125 0.033574 0.026316
0 0.407541 0.299342 0.027893 0.029605
0 0.370093 0.292352 0.013946 0.023849
0 0.352531 0.222862 0.026343 0.046053
0 0.329029 0.19449 0.039256 0.060033
0 0.528667 0.197368 0.039773 0.036184
0 0.624742 0.280016 0.023244 0.020559
0 0.607696 0.385691 0.079029 0.072368
0 0.667872 0.569079 0.027893 0.036184
0 0.632748 0.810855 0.117769 0.143092
0 0.772986 0.465461 0.026343 0.032895
0 0.747417 0.333882 0.05062 0.055921
0 0.658058 0.23273 0.025826 0.024671
0 0.697056 0.213405 0.022211 0.028783
0 0.770919 0.240954 0.081095 0.052632
0 0.850207 0.237253 0.018595 0.015625
0 0.815341 0.363487 0.041839 0.047697
0 0.906767 0.567434 0.082128 0.085526
0 0.981147 0.436266 0.023244 0.038651
0 0.863895 0.750411 0.083161 0.092928
1 0.026601 0.681332 0.052169 0.063322
1 0.153926 0.548109 0.090909 0.083059
1 0.321539 0.439967 0.037707 0.052632
1 0.377066 0.412418 0.097107 0.124178
1 0.403926 0.597039 0.068182 0.115132
1 0.239669 0.3125 0.047521 0.052632
1 0.298295 0.179276 0.040806 0.082237
1 0.339876 0.221217 0.024793 0.03125
1 0.355888 0.28125 0.019628 0.029605
1 0.396178 0.287829 0.020661 0.027961
1 0.468233 0.321135 0.024277 0.050164
1 0.503616 0.327714 0.057851 0.083059
1 0.556302 0.35773 0.07438 0.101974
1 0.51188 0.186266 0.032025 0.04852
1 0.650568 0.562911 0.030475 0.028783
1 0.576188 0.750411 0.104855 0.129112
1 0.747417 0.449424 0.039256 0.04852
1 0.609504 0.266859 0.016529 0.028783
1 0.647211 0.220395 0.032025 0.032895
1 0.691116 0.203947 0.016529 0.021382
1 0.740444 0.219984 0.064566 0.078125
1 0.702221 0.29852 0.081095 0.088816
1 0.786932 0.335938 0.042872 0.04523
1 0.868027 0.523438 0.054236 0.089638
1 0.801136 0.688734 0.104339 0.127467
1 0.840393 0.228207 0.02686 0.032072
1 0.966167 0.42352 0.023244 0.036184
