0 0.20687 0.581003 0.077996 0.069901
0 0.453771 0.630345 0.048037 0.083059
0 0.430527 0.45477 0.080062 0.085526
0 0.347624 0.457648 0.030992 0.035362
0 0.541581 0.366365 0.041839 0.087993
0 0.59814 0.383224 0.053719 0.085526
0 0.486829 0.326069 0.027376 0.032072
0 0.529442 0.19449 0.032025 0.028783
0 0.405475 0.300164 0.02686 0.027961
0 0.37061 0.29523 0.014979 0.029605
0 0.322572 0.185855 0.037707 0.069079
0 0.348915 0.229441 0.026343 0.036184
0 0.652893 0.231086 0.015496 0.024671
0 0.624483 0.280428 0.02686 0.018092
0 0.745351 0.332237 0.052686 0.064145
0 0.696539 0.20847 0.024277 0.022204
0 0.76782 0.246299 0.084194 0.056743
0 0.811983 0.359786 0.045455 0.04523
0 0.770145 0.466283 0.02686 0.039474
0 0.905992 0.566612 0.083678 0.085526
0 0.872159 0.768914 0.106921 0.141447
0 0.631198 0.809622 0.129132 0.127467
0 0.983471 0.438322 0.027893 0.034539
0 0.847624 0.240132 0.02376 0.018092
0 0.665806 0.569079 0.022727 0.029605
