0 0.099948 0.591283 0.082128 0.060855
0 0.333419 0.462582 0.068698 0.07648
0 0.177169 0.339638 0.053719 0.027961
0 0.337035 0.631579 0.051136 0.067434
0 0.252583 0.470806 0.039256 0.035362
0 0.735795 0.775493 0.093492 0.131579
0 0.283833 0.244655 0.026343 0.033717
0 0.257231 0.208059 0.05062 0.060855
0 0.33032 0.313322 0.020145 0.024671
0 0.299329 0.309622 0.014979 0.022204
0 0.548295 0.296464 0.027376 0.027138
0 0.457903 0.36801 0.051136 0.058388
0 0.519112 0.398026 0.079545 0.057566
0 0.403409 0.344572 0.027893 0.029605
0 0.568698 0.816612 0.049587 0.050987
0 0.523244 0.86472 0.051653 0.068257
0 0.554236 0.578125 0.028926 0.019737
0 0.660899 0.341283 0.051136 0.049342
0 0.675362 0.480674 0.029442 0.038651
0 0.728564 0.372122 0.058368 0.035362
0 0.693698 0.253289 0.086777 0.057566
0 0.587293 0.245066 0.020661 0.026316
0 0.778926 0.246299 0.022727 0.022204
0 0.889979 0.445312 0.024793 0.030428
0 0.805785 0.578947 0.067149 0.074013
0 0.913481 0.695724 0.048037 0.052632
1 0.065083 0.67023 0.126033 0.138158
1 0.308368 0.729441 0.081612 0.149671
1 0.294163 0.585526 0.137913 0.1875
1 0.237862 0.506168 0.063533 0.043586
1 0.161932 0.381579 0.081095 0.057566
1 0.222882 0.252056 0.093492 0.043586
1 0.267562 0.26727 0.046488 0.036184
1 0.283316 0.327714 0.02531 0.025493
1 0.325413 0.331414 0.021694 0.016447
1 0.394628 0.367599 0.021694 0.029605
1 0.43595 0.429276 0.078512 0.097039
1 0.509298 0.473273 0.113636 0.114309
1 0.54907 0.313734 0.02686 0.020559
1 0.584452 0.264803 0.024277 0.021382
1 0.707128 0.298109 0.080579 0.050164
1 0.668905 0.409951 0.088843 0.084704
1 0.734762 0.412007 0.072831 0.050987
1 0.686467 0.52097 0.047521 0.064967
1 0.573347 0.86801 0.05062 0.053454
1 0.756715 0.864309 0.122934 0.074013
1 0.845816 0.699424 0.146178 0.183388
1 0.932851 0.755757 0.084711 0.080592
1 0.906767 0.474918 0.039773 0.04523
1 0.789773 0.263569 0.020661 0.023849
