0 0.098399 0.588405 0.068698 0.056743
0 0.336519 0.638158 0.058368 0.069079
0 0.252841 0.471628 0.029442 0.035362
0 0.332386 0.464638 0.073864 0.087171
0 0.452738 0.369655 0.043905 0.074836
0 0.405217 0.339638 0.022211 0.029605
0 0.330579 0.314556 0.024793 0.027138
0 0.293388 0.308388 0.024793 0.029605
0 0.2797 0.242599 0.030475 0.027961
0 0.254649 0.208059 0.029959 0.055921
0 0.459194 0.208882 0.032025 0.037829
0 0.551395 0.291941 0.021178 0.023026
0 0.515238 0.398026 0.07593 0.075658
0 0.556818 0.582237 0.022727 0.019737
0 0.737862 0.779194 0.107955 0.143914
0 0.49251 0.826891 0.117252 0.132401
0 0.72624 0.369655 0.035124 0.033717
0 0.661157 0.341283 0.048554 0.050987
0 0.588843 0.241776 0.022727 0.024671
0 0.692407 0.254934 0.079029 0.074013
0 0.63094 0.223273 0.021178 0.032072
0 0.779184 0.252056 0.027376 0.030428
0 0.802944 0.581003 0.07593 0.087993
0 0.675878 0.477796 0.02531 0.034539
0 0.912965 0.695724 0.043905 0.050987
0 0.891271 0.444901 0.028409 0.03125
