0 0.20687 0.581003 0.077996 0.069901
0 0.453771 0.630345 0.048037 0.083059
0 0.430527 0.45477 0.080062 0.085526
0 0.347624 0.457648 0.030992 0.035362
0 0.541581 0.366365 0.041839 0.087993
0 0.59814 0.383224 0.053719 0.085526
0 0.486829 0.326069 0.027376 0.032072
0 0.529442 0.19449 0.032025 0.028783
0 0.405475 0.300164 0.02686 0.027961
0 0.37061 0.29523 0.014979 0.029605
0 0.322572 0.185855 0.037707 0.069079
0 0.348915 0.229441 0.026343 0.036184
0 0.652893 0.231086 0.015496 0.024671
0 0.624483 0.280428 0.02686 0.018092
0 0.745351 0.332237 0.052686 0.064145
0 0.696539 0.20847 0.024277 0.022204
0 0.76782 0.246299 0.084194 0.056743
0 0.811983 0.359786 0.045455 0.04523
0 0.770145 0.466283 0.02686 0.039474
0 0.905992 0.566612 0.083678 0.085526
0 0.872159 0.768914 0.106921 0.141447
0 0.631198 0.809622 0.129132 0.127467
0 0.983471 0.438322 0.027893 0.034539
0 0.847624 0.240132 0.02376 0.018092
0 0.665806 0.569079 0.022727 0.029605
1 0.272986 0.594572 0.061467 0.057566
1 0.375517 0.465049 0.028926 0.032072
1 0.547004 0.65625 0.143595 0.050987
1 0.765754 0.85403 0.166839 0.078125
1 0.56999 0.497533 0.22469 0.070724
1 0.389721 0.298109 0.018079 0.01727
1 0.442407 0.301809 0.044938 0.019737
1 0.391271 0.23972 0.0625 0.01727
1 0.393337 0.20148 0.111054 0.023026
1 0.582903 0.203536 0.077996 0.023849
1 0.677169 0.407484 0.11157 0.053454
1 0.615186 0.366776 0.110537 0.024671
1 0.521436 0.339638 0.042872 0.024671
1 0.658574 0.290296 0.044421 0.011513
1 0.688533 0.233964 0.042355 0.018914
1 0.73063 0.213816 0.039773 0.014803
1 0.863636 0.254523 0.112603 0.027138
1 0.844783 0.491365 0.105888 0.037007
1 0.961519 0.602796 0.076963 0.046053
1 0.948347 0.824836 0.103306 0.118421
1 0.700155 0.581003 0.041839 0.023849
1 0.887138 0.370066 0.105888 0.050987
1 0.837552 0.347451 0.13688 0.035362
1 0.890238 0.243421 0.050103 0.019737
