0 0.060434 0.719161 0.08781 0.071546
0 0.208161 0.57648 0.080579 0.065789
0 0.347366 0.458882 0.021178 0.041118
0 0.260589 0.326891 0.03874 0.033717
0 0.432593 0.453947 0.070764 0.088816
0 0.368543 0.294408 0.024277 0.027961
0 0.408574 0.29852 0.032025 0.026316
0 0.454287 0.621711 0.054236 0.077303
0 0.483988 0.328536 0.030992 0.033717
0 0.547262 0.358141 0.058368 0.063322
0 0.61157 0.386924 0.081612 0.068257
0 0.626291 0.28125 0.026343 0.023026
0 0.529442 0.194079 0.039256 0.036184
0 0.656508 0.228618 0.029959 0.026316
0 0.697056 0.212171 0.023244 0.019737
0 0.767562 0.242188 0.07438 0.050164
0 0.749225 0.333882 0.057335 0.060855
0 0.813017 0.364309 0.043388 0.041118
0 0.981921 0.435855 0.018595 0.037829
0 0.771436 0.466694 0.024277 0.035362
0 0.665548 0.571546 0.022211 0.029605
0 0.866219 0.746299 0.083678 0.092928
0 0.905475 0.565378 0.081612 0.087993
0 0.349948 0.227385 0.032541 0.04852
0 0.327479 0.193257 0.039256 0.055921
0 0.848657 0.238487 0.021694 0.016447
0 0.634814 0.789474 0.130165 0.100329
1 0.029184 0.685855 0.057335 0.065789
1 0.156767 0.550576 0.090393 0.084704
1 0.401343 0.593339 0.067149 0.109375
1 0.327738 0.440378 0.061467 0.051809
1 0.241994 0.317023 0.050103 0.056743
1 0.38094 0.411184 0.091426 0.128289
1 0.574638 0.740132 0.106921 0.126645
1 0.359246 0.281661 0.023244 0.030428
1 0.294421 0.178865 0.043388 0.074836
1 0.338326 0.221217 0.024793 0.032895
1 0.395919 0.287418 0.02531 0.032072
1 0.468233 0.322368 0.031508 0.037829
1 0.50439 0.324836 0.055269 0.080592
1 0.55656 0.358553 0.079029 0.092105
1 0.510847 0.179688 0.033058 0.043586
1 0.612087 0.271793 0.02686 0.035362
1 0.646436 0.222451 0.029442 0.037007
1 0.700413 0.302632 0.076446 0.087171
1 0.730888 0.209704 0.070248 0.072368
1 0.791581 0.336349 0.042872 0.052632
1 0.75155 0.449424 0.03719 0.043586
1 0.650052 0.560033 0.03564 0.039474
1 0.799845 0.696957 0.103822 0.143914
1 0.865961 0.520148 0.0625 0.087993
1 0.967717 0.422697 0.028409 0.039474
1 0.845816 0.228207 0.018079 0.022204
