0 0.207645 0.579359 0.083678 0.066612
0 0.456353 0.620888 0.056302 0.072368
0 0.345041 0.457648 0.02376 0.040296
0 0.430527 0.453125 0.073864 0.085526
0 0.257748 0.33347 0.043388 0.030428
0 0.541839 0.354441 0.042355 0.054276
0 0.48063 0.325658 0.026343 0.024671
0 0.405992 0.299753 0.028926 0.033717
0 0.372934 0.295641 0.018595 0.025493
0 0.352789 0.234375 0.029959 0.041118
0 0.326188 0.194079 0.039773 0.050987
0 0.527376 0.19449 0.03719 0.035362
0 0.608729 0.384457 0.081095 0.081414
0 0.665031 0.571546 0.02531 0.026316
0 0.771178 0.467516 0.022727 0.033717
0 0.696281 0.213816 0.020661 0.024671
0 0.626033 0.282072 0.029959 0.019737
0 0.658058 0.230263 0.02686 0.023026
0 0.74561 0.333059 0.056302 0.054276
0 0.767045 0.245888 0.081612 0.050987
0 0.81405 0.36102 0.038223 0.032895
0 0.849174 0.238898 0.020661 0.018914
0 0.907541 0.564145 0.083678 0.083882
0 0.979597 0.437911 0.02531 0.032072
0 0.868285 0.724918 0.07438 0.051809
