0 0.207645 0.579359 0.083678 0.066612
0 0.456353 0.620888 0.056302 0.072368
0 0.345041 0.457648 0.02376 0.040296
0 0.430527 0.453125 0.073864 0.085526
0 0.257748 0.33347 0.043388 0.030428
0 0.541839 0.354441 0.042355 0.054276
0 0.48063 0.325658 0.026343 0.024671
0 0.405992 0.299753 0.028926 0.033717
0 0.372934 0.295641 0.018595 0.025493
0 0.352789 0.234375 0.029959 0.041118
0 0.326188 0.194079 0.039773 0.050987
0 0.527376 0.19449 0.03719 0.035362
0 0.608729 0.384457 0.081095 0.081414
0 0.665031 0.571546 0.02531 0.026316
0 0.771178 0.467516 0.022727 0.033717
0 0.696281 0.213816 0.020661 0.024671
0 0.626033 0.282072 0.029959 0.019737
0 0.658058 0.230263 0.02686 0.023026
0 0.74561 0.333059 0.056302 0.054276
0 0.767045 0.245888 0.081612 0.050987
0 0.81405 0.36102 0.038223 0.032895
0 0.849174 0.238898 0.020661 0.018914
0 0.907541 0.564145 0.083678 0.083882
0 0.979597 0.437911 0.02531 0.032072
0 0.868285 0.724918 0.07438 0.051809
1 0.219783 0.541118 0.079029 0.090461
1 0.354855 0.430099 0.032025 0.037829
1 0.266271 0.312089 0.058368 0.04852
1 0.477014 0.564556 0.054236 0.078125
1 0.449122 0.390625 0.093492 0.098684
1 0.41219 0.282484 0.032025 0.027138
1 0.377841 0.277549 0.016012 0.028783
1 0.360537 0.209704 0.022727 0.039474
1 0.334452 0.168586 0.034607 0.050987
1 0.5328 0.178043 0.040806 0.038651
1 0.491219 0.303454 0.027893 0.027961
1 0.552428 0.3125 0.048037 0.080592
1 0.621384 0.342516 0.077479 0.069901
1 0.627066 0.266859 0.033058 0.030428
1 0.66968 0.549342 0.024277 0.034539
1 0.661157 0.216694 0.025826 0.032072
1 0.706612 0.201891 0.018595 0.023849
1 0.770145 0.210938 0.085744 0.060033
1 0.756973 0.300164 0.054236 0.067434
1 0.818698 0.331414 0.041322 0.046053
1 0.855114 0.22574 0.029442 0.020559
1 0.778667 0.44778 0.036674 0.041941
1 0.914773 0.521382 0.086777 0.105263
1 0.983729 0.419819 0.023244 0.030428
1 0.878099 0.655839 0.08781 0.106086
