0 0.050103 0.723273 0.099174 0.097862
0 0.210227 0.574836 0.083678 0.052632
0 0.256198 0.328125 0.044421 0.044408
0 0.346074 0.453536 0.026860 0.030428
0 0.428461 0.453536 0.081095 0.081414
0 0.370351 0.289885 0.015496 0.017270
0 0.407800 0.299342 0.023244 0.023026
0 0.481663 0.328125 0.029442 0.027961
0 0.543388 0.351151 0.047521 0.062500
0 0.630165 0.812500 0.127066 0.146382
0 0.864669 0.762336 0.086777 0.133224
0 0.914514 0.567023 0.061467 0.079770
0 0.746126 0.333059 0.050103 0.052632
0 0.625258 0.284128 0.026343 0.025493
0 0.657283 0.229852 0.022211 0.028783
0 0.696798 0.213816 0.021694 0.023026
0 0.768595 0.242599 0.084711 0.057566
0 0.850981 0.233553 0.022211 0.018092
0 0.774277 0.470806 0.023760 0.032072
0 0.667872 0.567845 0.022727 0.025493
0 0.980630 0.435444 0.024277 0.023849
0 0.811725 0.359375 0.045971 0.037829
0 0.354339 0.227796 0.023760 0.034539
0 0.324380 0.187089 0.043388 0.053454
0 0.608471 0.379523 0.082645 0.061678
0 0.456870 0.617599 0.053202 0.060855
1 0.031250 0.782895 0.061467 0.057566
1 0.147986 0.681743 0.175103 0.151316
1 0.397211 0.585115 0.108471 0.183388
1 0.335227 0.491365 0.051653 0.048520
1 0.235279 0.369243 0.066632 0.049342
1 0.296746 0.228207 0.093492 0.050164
1 0.338326 0.247944 0.052686 0.033717
1 0.362345 0.306332 0.027376 0.023849
1 0.403409 0.318257 0.024793 0.016447
1 0.475723 0.351562 0.028926 0.033717
1 0.534866 0.421053 0.052169 0.080592
1 0.603564 0.465872 0.083161 0.117599
1 0.442924 0.704359 0.086260 0.137336
1 0.588843 0.874589 0.092975 0.053454
1 0.894628 0.846217 0.113636 0.082237
1 0.941374 0.674342 0.117252 0.149671
1 0.788223 0.512336 0.046488 0.069079
1 0.670455 0.591694 0.034091 0.037007
1 0.761364 0.394326 0.078512 0.064967
1 0.831353 0.401727 0.056302 0.068257
1 0.777893 0.285773 0.084711 0.046875
1 0.628874 0.297697 0.030475 0.019737
1 0.659607 0.253289 0.020661 0.018092
1 0.860537 0.250822 0.026860 0.027961
1 0.701705 0.232730 0.021178 0.014803
