0 0.735537 0.780016 0.090909 0.132401
0 0.490444 0.829359 0.120351 0.148849
0 0.337293 0.636513 0.053719 0.070724
0 0.332386 0.469572 0.07593 0.087171
0 0.521952 0.398849 0.085227 0.069079
0 0.558368 0.584293 0.028926 0.032072
0 0.674329 0.477796 0.028409 0.039474
0 0.803461 0.583882 0.073864 0.087171
0 0.101498 0.592516 0.080062 0.064967
0 0.249483 0.470395 0.024793 0.03125
0 0.455062 0.363076 0.045455 0.056743
0 0.665806 0.342516 0.056818 0.050164
0 0.729597 0.372944 0.041839 0.041941
0 0.893337 0.446957 0.027376 0.033717
0 0.912448 0.696135 0.03564 0.050164
0 0.548295 0.296053 0.026343 0.027961
0 0.405992 0.337993 0.024793 0.029605
0 0.328771 0.311678 0.023244 0.023026
0 0.588326 0.240132 0.02376 0.026316
0 0.458419 0.204359 0.027376 0.023849
0 0.279959 0.243421 0.030992 0.03125
0 0.298037 0.307977 0.02376 0.030428
0 0.262397 0.203125 0.046488 0.047697
0 0.186209 0.346217 0.054236 0.032895
0 0.676136 0.261924 0.03719 0.033717
0 0.627066 0.230674 0.019628 0.030428
1 0.488378 0.768914 0.121384 0.041118
1 0.733213 0.723684 0.091426 0.052632
1 0.348915 0.60773 0.052169 0.026316
1 0.131198 0.568257 0.027893 0.024671
1 0.36157 0.439145 0.041322 0.055921
1 0.526343 0.374178 0.086777 0.041118
1 0.470041 0.34375 0.040289 0.029605
1 0.68001 0.465872 0.032541 0.025493
1 0.808626 0.544819 0.077996 0.033717
