0 0.050103 0.723273 0.099174 0.097862
0 0.210227 0.574836 0.083678 0.052632
0 0.256198 0.328125 0.044421 0.044408
0 0.346074 0.453536 0.026860 0.030428
0 0.428461 0.453536 0.081095 0.081414
0 0.370351 0.289885 0.015496 0.017270
0 0.407800 0.299342 0.023244 0.023026
0 0.481663 0.328125 0.029442 0.027961
0 0.543388 0.351151 0.047521 0.062500
0 0.630165 0.812500 0.127066 0.146382
0 0.864669 0.762336 0.086777 0.133224
0 0.914514 0.567023 0.061467 0.079770
0 0.746126 0.333059 0.050103 0.052632
0 0.625258 0.284128 0.026343 0.025493
0 0.657283 0.229852 0.022211 0.028783
0 0.696798 0.213816 0.021694 0.023026
0 0.768595 0.242599 0.084711 0.057566
0 0.850981 0.233553 0.022211 0.018092
0 0.774277 0.470806 0.023760 0.032072
0 0.667872 0.567845 0.022727 0.025493
0 0.980630 0.435444 0.024277 0.023849
0 0.811725 0.359375 0.045971 0.037829
0 0.354339 0.227796 0.023760 0.034539
0 0.324380 0.187089 0.043388 0.053454
0 0.608471 0.379523 0.082645 0.061678
0 0.456870 0.617599 0.053202 0.060855
