0 0.631457 0.812500 0.130682 0.149671
0 0.456353 0.622533 0.047004 0.070724
0 0.434401 0.458059 0.071281 0.093750
0 0.349432 0.458059 0.035640 0.042763
0 0.211519 0.577714 0.080062 0.068257
0 0.862603 0.763569 0.086777 0.130757
0 0.666581 0.574013 0.023244 0.031250
0 0.609762 0.384046 0.080062 0.065789
0 0.770661 0.465872 0.022727 0.030428
0 0.904442 0.567434 0.081612 0.087171
0 0.814566 0.361431 0.045455 0.041941
0 0.742769 0.335938 0.041322 0.045230
0 0.543388 0.350740 0.044421 0.051809
0 0.486829 0.324424 0.026343 0.020559
0 0.625517 0.284539 0.022727 0.023026
0 0.348399 0.227796 0.026343 0.031250
0 0.407800 0.296875 0.031508 0.026316
0 0.372676 0.295230 0.012913 0.023026
0 0.259298 0.328536 0.047521 0.035362
0 0.526860 0.194490 0.032025 0.037007
0 0.654184 0.229852 0.025310 0.027138
0 0.697831 0.213405 0.025826 0.035362
0 0.983729 0.438734 0.025310 0.030428
0 0.746901 0.250411 0.037190 0.023849
1 0.614669 0.763158 0.087810 0.078947
1 0.847882 0.715872 0.065599 0.060033
1 0.903409 0.529605 0.068182 0.034539
1 0.434917 0.430921 0.082645 0.057566
1 0.610279 0.363076 0.077996 0.027138
1 0.541839 0.327303 0.042355 0.021382
1 0.455062 0.592928 0.047521 0.034539
1 0.350723 0.441612 0.040289 0.016447
1 0.663481 0.562500 0.012913 0.026316
