0 0.73063 0.747944 0.07593 0.068257
0 0.500517 0.77097 0.057851 0.043586
0 0.338585 0.634457 0.057335 0.071546
0 0.098915 0.592516 0.084194 0.073191
0 0.332903 0.464638 0.074897 0.088816
0 0.25155 0.469572 0.028926 0.042763
0 0.18001 0.344161 0.044938 0.028783
0 0.453254 0.366365 0.047004 0.058388
0 0.520403 0.400905 0.083161 0.064967
0 0.33032 0.311266 0.026343 0.018914
0 0.401085 0.337171 0.032541 0.024671
0 0.295196 0.305099 0.017045 0.027961
0 0.2828 0.247533 0.029442 0.037829
0 0.259556 0.209293 0.03874 0.060033
0 0.462293 0.209293 0.035124 0.028783
0 0.548554 0.293174 0.028926 0.032072
0 0.590134 0.247122 0.028409 0.027138
0 0.630165 0.225329 0.021694 0.023026
0 0.663998 0.345395 0.054236 0.054276
0 0.694473 0.254112 0.077996 0.067434
0 0.780217 0.246299 0.023244 0.027138
0 0.673037 0.47903 0.021694 0.037007
0 0.559401 0.582648 0.028926 0.028783
0 0.801911 0.577714 0.082128 0.078125
0 0.891529 0.44449 0.025826 0.028783
0 0.729597 0.371299 0.040806 0.041941
1 0.119835 0.555099 0.076446 0.088816
1 0.185176 0.317023 0.055269 0.04523
1 0.275568 0.185033 0.03874 0.055921
1 0.294421 0.231908 0.024793 0.026316
1 0.365186 0.573602 0.067149 0.071546
1 0.262913 0.444901 0.028926 0.049342
1 0.368027 0.40625 0.073864 0.118421
1 0.340909 0.294408 0.029959 0.034539
1 0.300103 0.29153 0.019628 0.041941
1 0.479081 0.331826 0.054236 0.086349
1 0.414514 0.317845 0.03874 0.030428
1 0.474174 0.194901 0.034091 0.044408
1 0.534607 0.359786 0.07438 0.071546
1 0.557076 0.282895 0.023244 0.044408
1 0.566116 0.564967 0.030992 0.049342
1 0.528667 0.742599 0.044938 0.070724
1 0.766787 0.687911 0.095558 0.135691
1 0.819215 0.531661 0.106405 0.114309
1 0.676911 0.31949 0.064566 0.081414
1 0.702479 0.229852 0.081612 0.073191
1 0.593233 0.230674 0.02531 0.030428
1 0.637397 0.211349 0.020661 0.034539
1 0.78719 0.241365 0.018595 0.020559
1 0.740444 0.344161 0.031508 0.053454
1 0.679752 0.316612 0.061983 0.083882
1 0.896436 0.431743 0.022211 0.023026
1 0.68595 0.457237 0.029959 0.044408
