0 0.060434 0.719161 0.08781 0.071546
0 0.208161 0.57648 0.080579 0.065789
0 0.347366 0.458882 0.021178 0.041118
0 0.260589 0.326891 0.03874 0.033717
0 0.432593 0.453947 0.070764 0.088816
0 0.368543 0.294408 0.024277 0.027961
0 0.408574 0.29852 0.032025 0.026316
0 0.454287 0.621711 0.054236 0.077303
0 0.483988 0.328536 0.030992 0.033717
0 0.547262 0.358141 0.058368 0.063322
0 0.61157 0.386924 0.081612 0.068257
0 0.626291 0.28125 0.026343 0.023026
0 0.529442 0.194079 0.039256 0.036184
0 0.656508 0.228618 0.029959 0.026316
0 0.697056 0.212171 0.023244 0.019737
0 0.767562 0.242188 0.07438 0.050164
0 0.749225 0.333882 0.057335 0.060855
0 0.813017 0.364309 0.043388 0.041118
0 0.981921 0.435855 0.018595 0.037829
0 0.771436 0.466694 0.024277 0.035362
0 0.665548 0.571546 0.022211 0.029605
0 0.866219 0.746299 0.083678 0.092928
0 0.905475 0.565378 0.081612 0.087993
0 0.349948 0.227385 0.032541 0.04852
0 0.327479 0.193257 0.039256 0.055921
0 0.848657 0.238487 0.021694 0.016447
0 0.634814 0.789474 0.130165 0.100329
