0 0.498192 0.16324 0.028409 0.035362
0 0.42562 0.11801 0.009298 0.022204
0 0.361312 0.068257 0.022211 0.018092
0 0.479081 0.103618 0.045971 0.060855
0 0.457128 0.051398 0.018595 0.012336
0 0.430527 0.048109 0.008781 0.01727
0 0.396178 0.008635 0.021694 0.015625
0 0.413481 0.023438 0.014979 0.023849
0 0.543388 0.068257 0.021694 0.032895
0 0.506973 0.064967 0.017045 0.014803
0 0.587293 0.083059 0.047521 0.041118
0 0.617769 0.150905 0.014463 0.015625
0 0.684659 0.11102 0.01188 0.016447
0 0.675362 0.05551 0.03564 0.033717
0 0.718492 0.072368 0.022727 0.026316
0 0.534607 0.00699 0.025826 0.012336
0 0.598399 0.043174 0.017045 0.01727
0 0.622417 0.018914 0.017562 0.018092
0 0.650826 0.010691 0.017562 0.014803
0 0.75439 0.018914 0.017045 0.008224
0 0.696798 0.019326 0.049587 0.037007
0 0.753616 0.143914 0.03719 0.039474
1 0.345041 0.065378 0.025826 0.025493
1 0.4078 0.116776 0.030475 0.024671
1 0.465134 0.165296 0.040806 0.041118
1 0.440341 0.103207 0.057335 0.051809
1 0.375775 0.009868 0.032541 0.018092
1 0.403151 0.025082 0.009814 0.020559
1 0.421746 0.048931 0.019112 0.01398
1 0.44344 0.050987 0.01188 0.011513
1 0.495093 0.065789 0.012913 0.019737
1 0.518079 0.067023 0.034091 0.035362
1 0.558368 0.083882 0.021694 0.036184
1 0.520919 0.007812 0.012913 0.01398
1 0.588068 0.039062 0.01188 0.018914
1 0.609504 0.016859 0.016529 0.015625
1 0.647211 0.053043 0.03719 0.040296
1 0.607438 0.150082 0.01343 0.012336
1 0.672262 0.10773 0.014979 0.013158
1 0.681818 0.178865 0.02686 0.01727
1 0.739411 0.136513 0.029442 0.037829
1 0.701705 0.063734 0.017045 0.018914
1 0.677169 0.016859 0.030992 0.032072
1 0.645403 0.008635 0.010847 0.012336
1 0.748709 0.016859 0.012913 0.012336
