0 0.498192 0.163240 0.028409 0.035362
0 0.425620 0.118010 0.009298 0.022204
0 0.361312 0.068257 0.022211 0.018092
0 0.479081 0.103618 0.045971 0.060855
0 0.457128 0.051398 0.018595 0.012336
0 0.430527 0.048109 0.008781 0.017270
0 0.396178 0.008635 0.021694 0.015625
0 0.413481 0.023438 0.014979 0.023849
0 0.543388 0.068257 0.021694 0.032895
0 0.506973 0.064967 0.017045 0.014803
0 0.587293 0.083059 0.047521 0.041118
0 0.617769 0.150905 0.014463 0.015625
0 0.684659 0.111020 0.011880 0.016447
0 0.675362 0.055510 0.035640 0.033717
0 0.718492 0.072368 0.022727 0.026316
0 0.534607 0.006990 0.025826 0.012336
0 0.598399 0.043174 0.017045 0.017270
0 0.622417 0.018914 0.017562 0.018092
0 0.650826 0.010691 0.017562 0.014803
0 0.754390 0.018914 0.017045 0.008224
0 0.696798 0.019326 0.049587 0.037007
0 0.759039 0.144737 0.048037 0.041118
1 0.345041 0.065378 0.025826 0.025493
1 0.407800 0.116776 0.030475 0.024671
1 0.465134 0.165296 0.040806 0.041118
1 0.440341 0.103207 0.057335 0.051809
1 0.375775 0.009868 0.032541 0.018092
1 0.403151 0.025082 0.009814 0.020559
1 0.421746 0.048931 0.019112 0.013980
1 0.443440 0.050987 0.011880 0.011513
1 0.495093 0.065789 0.012913 0.019737
1 0.518079 0.067023 0.034091 0.035362
1 0.558368 0.083882 0.021694 0.036184
1 0.520919 0.007812 0.012913 0.013980
1 0.588068 0.039062 0.011880 0.018914
1 0.609504 0.016859 0.016529 0.015625
1 0.647211 0.053043 0.037190 0.040296
1 0.607438 0.150082 0.013430 0.012336
1 0.672262 0.107730 0.014979 0.013158
1 0.681818 0.178865 0.026860 0.017270
1 0.739411 0.136513 0.029442 0.037829
1 0.701705 0.063734 0.017045 0.018914
1 0.677169 0.016859 0.030992 0.032072
1 0.645403 0.008635 0.010847 0.012336
1 0.748709 0.016859 0.012913 0.012336
0 0.818698 0.101562 0.012397 0.015625
0 0.717975 0.173520 0.032025 0.011513
1 0.810434 0.099095 0.009298 0.012336
