0 0.362862 0.066612 0.020145 0.021382
0 0.426136 0.115132 0.016529 0.016447
0 0.415289 0.020970 0.013430 0.025493
0 0.431560 0.050164 0.008781 0.011513
0 0.455062 0.052632 0.013430 0.013158
0 0.479597 0.106908 0.044938 0.055921
0 0.498450 0.158306 0.029959 0.025493
0 0.543647 0.073191 0.029442 0.041118
0 0.506715 0.064967 0.015496 0.018092
0 0.588326 0.083059 0.048554 0.037829
0 0.615961 0.150905 0.011880 0.010691
0 0.600465 0.041530 0.019112 0.012336
0 0.622676 0.017681 0.016012 0.017270
0 0.675620 0.055921 0.030992 0.027961
0 0.684659 0.110609 0.010847 0.018914
0 0.695764 0.020148 0.057851 0.033717
0 0.760331 0.148026 0.040289 0.042763
0 0.817924 0.099918 0.014979 0.017270
0 0.717717 0.071135 0.025310 0.023849
0 0.718492 0.172697 0.030992 0.011513
0 0.755165 0.017681 0.013430 0.010691
