0 0.288998 0.17023 0.048037 0.024671
0 0.309659 0.082237 0.021178 0.021382
0 0.417355 0.120066 0.043388 0.046053
0 0.365444 0.128289 0.019112 0.021382
0 0.431043 0.175987 0.031508 0.032895
0 0.3422 0.01727 0.034607 0.032895
0 0.366477 0.036595 0.013946 0.023849
0 0.379132 0.064967 0.005165 0.014803
0 0.403151 0.068668 0.016012 0.01727
0 0.451446 0.078536 0.016529 0.018914
0 0.48657 0.082648 0.030992 0.028783
0 0.527893 0.098273 0.048554 0.040296
0 0.553977 0.16324 0.014979 0.005757
0 0.547779 0.054688 0.016012 0.012336
0 0.570764 0.030428 0.015496 0.018092
0 0.601498 0.021382 0.01188 0.016447
0 0.645661 0.033306 0.057851 0.037007
0 0.618802 0.069901 0.036157 0.027961
0 0.661415 0.081414 0.024277 0.019737
0 0.624225 0.120888 0.019112 0.018092
0 0.689308 0.155016 0.043905 0.030428
