0 0.289773 0.173109 0.045455 0.038651
0 0.43001 0.177632 0.029442 0.039474
0 0.307335 0.082237 0.02686 0.021382
0 0.367252 0.129934 0.012397 0.021382
0 0.417614 0.120477 0.045971 0.04852
0 0.402118 0.068257 0.019112 0.018092
0 0.379907 0.067023 0.006715 0.015625
0 0.364411 0.037418 0.018079 0.025493
0 0.347366 0.018092 0.028409 0.034539
0 0.453254 0.078125 0.017045 0.021382
0 0.486312 0.016447 0.024277 0.026316
0 0.487345 0.082648 0.022211 0.035362
0 0.528409 0.094984 0.049587 0.04523
0 0.547779 0.054688 0.020145 0.01398
0 0.572314 0.030839 0.015496 0.018914
0 0.620868 0.069079 0.034091 0.03125
0 0.623709 0.124589 0.012913 0.01727
0 0.554236 0.163651 0.01343 0.013158
0 0.602789 0.021793 0.017562 0.015625
0 0.645403 0.031661 0.054236 0.040296
0 0.695764 0.157072 0.042355 0.047697
0 0.665806 0.083059 0.028926 0.027961
0 0.705837 0.030839 0.013946 0.009046
0 0.759298 0.112664 0.012397 0.018092
