0 0.289256 0.172697 0.049587 0.03125
0 0.305269 0.082648 0.024793 0.018914
0 0.365702 0.129523 0.012397 0.018914
0 0.347624 0.018503 0.029959 0.035362
0 0.41813 0.119655 0.042872 0.051809
0 0.430527 0.175576 0.027376 0.035362
0 0.379132 0.065789 0.008264 0.014803
0 0.364928 0.03824 0.017045 0.028783
0 0.402376 0.067023 0.016529 0.015625
0 0.487087 0.082237 0.027893 0.036184
0 0.452996 0.07648 0.020661 0.016447
0 0.528409 0.097039 0.047521 0.044408
0 0.485537 0.014803 0.02376 0.026316
0 0.550878 0.162418 0.014979 0.01398
0 0.547004 0.05551 0.015496 0.015625
0 0.573347 0.032484 0.017562 0.01727
0 0.60124 0.019737 0.01343 0.013158
0 0.620093 0.06949 0.034607 0.033717
0 0.644886 0.031661 0.056302 0.032072
0 0.644886 0.182566 0.026343 0.013158
0 0.623709 0.123766 0.014979 0.020559
0 0.661415 0.083882 0.028409 0.027961
0 0.693957 0.153783 0.042872 0.039474
0 0.704029 0.029605 0.01343 0.009868
0 0.759814 0.113898 0.015496 0.015625
1 0.298037 0.160773 0.034091 0.01727
1 0.372417 0.123355 0.012397 0.013158
1 0.316632 0.074836 0.012397 0.011513
1 0.439308 0.108141 0.02531 0.051809
1 0.447831 0.167352 0.029959 0.030428
1 0.353822 0.013158 0.025826 0.024671
1 0.371901 0.029194 0.010331 0.018914
1 0.380682 0.060033 0.007231 0.008224
1 0.409091 0.063322 0.007231 0.011513
1 0.460744 0.07278 0.011364 0.015625
1 0.503357 0.075247 0.019112 0.033717
1 0.495868 0.011102 0.01343 0.020559
1 0.555527 0.053454 0.013946 0.016447
1 0.579029 0.025082 0.017562 0.018914
1 0.610795 0.016859 0.01188 0.015625
1 0.638688 0.0625 0.02531 0.03125
1 0.56095 0.160362 0.010331 0.014803
1 0.670455 0.02426 0.024793 0.040296
1 0.675362 0.074836 0.018079 0.018092
1 0.633781 0.120888 0.011364 0.019737
1 0.727273 0.149671 0.032025 0.042763
1 0.678719 0.182155 0.042355 0.01727
1 0.768595 0.108964 0.008264 0.01727
1 0.713843 0.027549 0.007231 0.012336
