0 0.360021 0.067023 0.028926 0.01727
0 0.42562 0.116776 0.016529 0.018092
0 0.496643 0.163651 0.029442 0.037829
0 0.479597 0.107319 0.042872 0.055099
0 0.395145 0.009457 0.028926 0.01727
0 0.413998 0.022204 0.016012 0.023026
0 0.43156 0.053454 0.007748 0.016447
0 0.454804 0.054276 0.019112 0.018092
0 0.506198 0.064145 0.016529 0.018092
0 0.542614 0.070724 0.029442 0.036184
0 0.58626 0.084293 0.048554 0.043586
0 0.534866 0.006579 0.026343 0.011513
0 0.600465 0.042763 0.013946 0.011513
0 0.623192 0.018914 0.019112 0.018092
0 0.649793 0.008224 0.01343 0.014803
0 0.61751 0.150082 0.014979 0.009046
0 0.676395 0.054688 0.03564 0.033717
0 0.69499 0.019326 0.052169 0.032072
0 0.71875 0.170641 0.028409 0.01727
0 0.684143 0.112664 0.017045 0.019737
0 0.718233 0.071546 0.023244 0.024671
0 0.753616 0.018092 0.012397 0.011513
0 0.757748 0.144326 0.042355 0.046875
0 0.814824 0.099918 0.007748 0.01398
