0 0.498192 0.163240 0.028409 0.035362
0 0.425620 0.118010 0.009298 0.022204
0 0.361312 0.068257 0.022211 0.018092
0 0.479081 0.103618 0.045971 0.060855
0 0.457128 0.051398 0.018595 0.012336
0 0.430527 0.048109 0.008781 0.017270
0 0.396178 0.008635 0.021694 0.015625
0 0.413481 0.023438 0.014979 0.023849
0 0.543388 0.068257 0.021694 0.032895
0 0.506973 0.064967 0.017045 0.014803
0 0.587293 0.083059 0.047521 0.041118
0 0.617769 0.150905 0.014463 0.015625
0 0.684659 0.111020 0.011880 0.016447
0 0.675362 0.055510 0.035640 0.033717
0 0.718492 0.072368 0.022727 0.026316
0 0.534607 0.006990 0.025826 0.012336
0 0.598399 0.043174 0.017045 0.017270
0 0.622417 0.018914 0.017562 0.018092
0 0.650826 0.010691 0.017562 0.014803
0 0.754390 0.018914 0.017045 0.008224
0 0.696798 0.019326 0.049587 0.037007
0 0.758264 0.143503 0.046488 0.038651
0 0.817924 0.101562 0.012913 0.018914
0 0.717975 0.173520 0.033058 0.013158
