0 0.497417 0.161595 0.024793 0.033717
0 0.478822 0.107319 0.049587 0.051809
0 0.424845 0.117188 0.014979 0.023849
0 0.683368 0.112253 0.014463 0.023849
0 0.586519 0.084293 0.045971 0.043586
0 0.543388 0.074424 0.02686 0.038651
0 0.507231 0.062911 0.01343 0.012336
0 0.453512 0.055099 0.018595 0.016447
0 0.674587 0.054688 0.030992 0.028783
0 0.756973 0.146382 0.043905 0.039474
0 0.817149 0.103618 0.015496 0.023026
0 0.598657 0.043586 0.024793 0.018092
0 0.622934 0.019326 0.018595 0.015625
0 0.411932 0.021793 0.020145 0.020559
0 0.432851 0.052632 0.012397 0.013158
0 0.533316 0.006168 0.028409 0.010691
0 0.697314 0.020559 0.053719 0.029605
0 0.715909 0.069901 0.025826 0.019737
0 0.75594 0.022204 0.016012 0.016447
0 0.650826 0.012747 0.014463 0.01398
0 0.390754 0.009046 0.017045 0.016447
0 0.616477 0.151316 0.013946 0.014803
0 0.634039 0.154194 0.016012 0.009046
