0 0.292097 0.171053 0.043905 0.029605
0 0.364411 0.129934 0.014979 0.021382
0 0.344783 0.017681 0.024277 0.033717
0 0.363636 0.035362 0.015496 0.021382
0 0.418647 0.116365 0.042872 0.04852
0 0.378099 0.063734 0.012397 0.018914
0 0.40186 0.067434 0.020661 0.021382
0 0.428977 0.177632 0.027376 0.029605
0 0.488378 0.083882 0.029442 0.041118
0 0.452996 0.075247 0.017562 0.01398
0 0.484762 0.015625 0.027376 0.024671
0 0.527376 0.095395 0.047521 0.041118
0 0.545196 0.053043 0.018079 0.010691
0 0.571798 0.030428 0.017562 0.016447
0 0.62061 0.068257 0.037707 0.029605
0 0.622934 0.124589 0.016529 0.023849
0 0.69344 0.157072 0.041839 0.036184
0 0.661157 0.082648 0.02376 0.022204
0 0.645403 0.032484 0.052169 0.030428
0 0.603048 0.019326 0.016012 0.007401
0 0.759556 0.112253 0.017045 0.020559
0 0.703512 0.032072 0.016529 0.019737
1 0.325413 0.180921 0.02686 0.013158
1 0.384039 0.132401 0.022211 0.013158
1 0.456612 0.191201 0.028926 0.010691
1 0.497159 0.145559 0.138946 0.027961
1 0.391271 0.02426 0.072831 0.01727
1 0.390496 0.043586 0.038223 0.008224
1 0.389979 0.06949 0.012397 0.009046
1 0.423295 0.070312 0.037707 0.007401
1 0.467975 0.085115 0.021694 0.015625
1 0.533316 0.094161 0.079029 0.015625
1 0.578254 0.104852 0.061467 0.01727
1 0.528926 0.022615 0.055785 0.022204
1 0.59375 0.033717 0.033574 0.009868
1 0.65625 0.128701 0.053202 0.015625
1 0.787448 0.181332 0.158574 0.018914
1 0.784349 0.116365 0.028409 0.010691
1 0.698864 0.092105 0.056818 0.016447
1 0.684917 0.081826 0.097107 0.010691
1 0.571023 0.058388 0.031508 0.009868
1 0.62655 0.022204 0.02376 0.004934
1 0.711777 0.039062 0.092975 0.018914
1 0.730372 0.032072 0.035124 0.006579
