0 0.292097 0.171053 0.043905 0.029605
0 0.364411 0.129934 0.014979 0.021382
0 0.344783 0.017681 0.024277 0.033717
0 0.363636 0.035362 0.015496 0.021382
0 0.418647 0.116365 0.042872 0.04852
0 0.378099 0.063734 0.012397 0.018914
0 0.40186 0.067434 0.020661 0.021382
0 0.428977 0.177632 0.027376 0.029605
0 0.488378 0.083882 0.029442 0.041118
0 0.452996 0.075247 0.017562 0.01398
0 0.484762 0.015625 0.027376 0.024671
0 0.527376 0.095395 0.047521 0.041118
0 0.545196 0.053043 0.018079 0.010691
0 0.571798 0.030428 0.017562 0.016447
0 0.62061 0.068257 0.037707 0.029605
0 0.622934 0.124589 0.016529 0.023849
0 0.69344 0.157072 0.041839 0.036184
0 0.661157 0.082648 0.02376 0.022204
0 0.645403 0.032484 0.052169 0.030428
0 0.603048 0.019326 0.016012 0.007401
0 0.759556 0.112253 0.017045 0.020559
0 0.703512 0.032072 0.016529 0.019737
