0 0.289256 0.172697 0.049587 0.03125
0 0.305269 0.082648 0.024793 0.018914
0 0.365702 0.129523 0.012397 0.018914
0 0.347624 0.018503 0.029959 0.035362
0 0.41813 0.119655 0.042872 0.051809
0 0.430527 0.175576 0.027376 0.035362
0 0.379132 0.065789 0.008264 0.014803
0 0.364928 0.03824 0.017045 0.028783
0 0.402376 0.067023 0.016529 0.015625
0 0.487087 0.082237 0.027893 0.036184
0 0.452996 0.07648 0.020661 0.016447
0 0.528409 0.097039 0.047521 0.044408
0 0.485537 0.014803 0.02376 0.026316
0 0.550878 0.162418 0.014979 0.01398
0 0.547004 0.05551 0.015496 0.015625
0 0.573347 0.032484 0.017562 0.01727
0 0.60124 0.019737 0.01343 0.013158
0 0.620093 0.06949 0.034607 0.033717
0 0.644886 0.031661 0.056302 0.032072
0 0.644886 0.182566 0.026343 0.013158
0 0.623709 0.123766 0.014979 0.020559
0 0.661415 0.083882 0.028409 0.027961
0 0.693957 0.153783 0.042872 0.039474
0 0.704029 0.029605 0.01343 0.009868
0 0.759814 0.113898 0.015496 0.015625
