0 0.362862 0.066612 0.020145 0.021382
0 0.426136 0.115132 0.016529 0.016447
0 0.415289 0.020970 0.013430 0.025493
0 0.431560 0.050164 0.008781 0.011513
0 0.455062 0.052632 0.013430 0.013158
0 0.479597 0.106908 0.044938 0.055921
0 0.498450 0.158306 0.029959 0.025493
0 0.543647 0.073191 0.029442 0.041118
0 0.506715 0.064967 0.015496 0.018092
0 0.588326 0.083059 0.048554 0.037829
0 0.615961 0.150905 0.011880 0.010691
0 0.600465 0.041530 0.019112 0.012336
0 0.622676 0.017681 0.016012 0.017270
0 0.675620 0.055921 0.030992 0.027961
0 0.684659 0.110609 0.010847 0.018914
0 0.695764 0.020148 0.057851 0.033717
1 0.352531 0.083059 0.032541 0.021382
1 0.419938 0.131990 0.027893 0.020559
1 0.464360 0.154194 0.051653 0.053454
1 0.494576 0.173520 0.014979 0.009868
1 0.404700 0.037418 0.024277 0.009046
1 0.426911 0.060855 0.018079 0.016447
1 0.452221 0.062089 0.013946 0.007401
1 0.504390 0.076891 0.011880 0.015625
1 0.530733 0.098684 0.043905 0.036184
1 0.585486 0.118010 0.049070 0.046875
1 0.618285 0.160773 0.013430 0.009046
1 0.599948 0.051398 0.021178 0.010691
1 0.620093 0.030016 0.014979 0.015625
1 0.693698 0.125822 0.022727 0.029605
1 0.680785 0.084704 0.049587 0.031250
1 0.695764 0.042763 0.045455 0.014803
0 0.760331 0.148026 0.040289 0.042763
0 0.817924 0.099918 0.014979 0.017270
0 0.717717 0.071135 0.025310 0.023849
0 0.718492 0.172697 0.030992 0.011513
1 0.825671 0.113487 0.020145 0.018092
1 0.766529 0.167763 0.045455 0.021382
1 0.724690 0.090461 0.035124 0.023026
0 0.755165 0.017681 0.013430 0.010691
1 0.759814 0.025082 0.015496 0.010691
