0 0.362862 0.066612 0.020145 0.021382
0 0.426136 0.115132 0.016529 0.016447
0 0.415289 0.02097 0.01343 0.025493
0 0.43156 0.050164 0.008781 0.011513
0 0.455062 0.052632 0.01343 0.013158
0 0.479597 0.106908 0.044938 0.055921
0 0.49845 0.158306 0.029959 0.025493
0 0.543647 0.073191 0.029442 0.041118
0 0.506715 0.064967 0.015496 0.018092
0 0.588326 0.083059 0.048554 0.037829
0 0.615961 0.150905 0.01188 0.010691
0 0.600465 0.04153 0.019112 0.012336
0 0.622676 0.017681 0.016012 0.01727
0 0.67562 0.055921 0.030992 0.027961
0 0.684659 0.110609 0.010847 0.018914
0 0.695764 0.020148 0.057851 0.033717
1 0.352531 0.083059 0.032541 0.021382
1 0.419938 0.13199 0.027893 0.020559
1 0.46436 0.154194 0.051653 0.053454
1 0.494576 0.17352 0.014979 0.009868
1 0.4047 0.037418 0.024277 0.009046
1 0.426911 0.060855 0.018079 0.016447
1 0.452221 0.062089 0.013946 0.007401
1 0.50439 0.076891 0.01188 0.015625
1 0.530733 0.098684 0.043905 0.036184
1 0.585486 0.11801 0.04907 0.046875
1 0.618285 0.160773 0.01343 0.009046
1 0.599948 0.051398 0.021178 0.010691
1 0.620093 0.030016 0.014979 0.015625
1 0.693698 0.125822 0.022727 0.029605
1 0.680785 0.084704 0.049587 0.03125
1 0.695764 0.042763 0.045455 0.014803
