0 0.497417 0.161595 0.024793 0.033717
0 0.478822 0.107319 0.049587 0.051809
0 0.424845 0.117188 0.014979 0.023849
0 0.683368 0.112253 0.014463 0.023849
0 0.586519 0.084293 0.045971 0.043586
0 0.543388 0.074424 0.02686 0.038651
0 0.507231 0.062911 0.01343 0.012336
0 0.453512 0.055099 0.018595 0.016447
0 0.674587 0.054688 0.030992 0.028783
0 0.756973 0.146382 0.043905 0.039474
0 0.817149 0.103618 0.015496 0.023026
0 0.598657 0.043586 0.024793 0.018092
0 0.622934 0.019326 0.018595 0.015625
0 0.411932 0.021793 0.020145 0.020559
0 0.432851 0.052632 0.012397 0.013158
0 0.533316 0.006168 0.028409 0.010691
0 0.697314 0.020559 0.053719 0.029605
0 0.715909 0.069901 0.025826 0.019737
0 0.75594 0.022204 0.016012 0.016447
0 0.650826 0.012747 0.014463 0.01398
0 0.390754 0.009046 0.017045 0.016447
1 0.557851 0.132812 0.144628 0.030428
1 0.518853 0.178865 0.039773 0.01398
1 0.441632 0.118832 0.024793 0.015625
1 0.438275 0.027961 0.034607 0.008224
1 0.474948 0.059211 0.032541 0.003289
1 0.438533 0.011102 0.07438 0.01398
1 0.639463 0.094161 0.059917 0.022204
1 0.559917 0.087993 0.01343 0.016447
1 0.523502 0.071546 0.023244 0.013158
1 0.445506 0.057977 0.004649 0.009046
0 0.616477 0.151316 0.013946 0.014803
0 0.634039 0.154194 0.016012 0.009046
1 0.847882 0.169408 0.159607 0.014803
1 0.83626 0.105674 0.027893 0.010691
1 0.722624 0.121711 0.068182 0.011513
1 0.75749 0.076891 0.064566 0.01398
1 0.739928 0.06949 0.098657 0.01398
1 0.758523 0.029194 0.096591 0.01398
1 0.784866 0.023849 0.040806 0.011513
1 0.647469 0.02097 0.026343 0.009046
1 0.618802 0.048109 0.029959 0.009046
1 0.673554 0.012336 0.02686 0.013158
1 0.57593 0.009868 0.054752 0.011513
