0 0.289773 0.173109 0.045455 0.038651
0 0.43001 0.177632 0.029442 0.039474
0 0.307335 0.082237 0.02686 0.021382
0 0.367252 0.129934 0.012397 0.021382
0 0.417614 0.120477 0.045971 0.04852
0 0.402118 0.068257 0.019112 0.018092
0 0.379907 0.067023 0.006715 0.015625
0 0.364411 0.037418 0.018079 0.025493
0 0.347366 0.018092 0.028409 0.034539
0 0.453254 0.078125 0.017045 0.021382
0 0.486312 0.016447 0.024277 0.026316
0 0.487345 0.082648 0.022211 0.035362
0 0.528409 0.094984 0.049587 0.04523
0 0.547779 0.054688 0.020145 0.01398
0 0.572314 0.030839 0.015496 0.018914
0 0.620868 0.069079 0.034091 0.03125
0 0.623709 0.124589 0.012913 0.01727
0 0.554236 0.163651 0.01343 0.013158
0 0.602789 0.021793 0.017562 0.015625
0 0.645403 0.031661 0.054236 0.040296
0 0.695764 0.157072 0.042355 0.047697
0 0.665806 0.083059 0.028926 0.027961
0 0.705837 0.030839 0.013946 0.009046
1 0.260847 0.169408 0.030992 0.027961
1 0.402893 0.174753 0.038223 0.035362
1 0.35124 0.128701 0.029959 0.018914
1 0.29468 0.079359 0.02531 0.025493
1 0.381457 0.117188 0.050103 0.043586
1 0.324638 0.01727 0.028409 0.032895
1 0.357438 0.034128 0.010331 0.012336
1 0.371126 0.064145 0.020145 0.021382
1 0.391529 0.0625 0.012397 0.013158
1 0.44499 0.077303 0.020145 0.026316
1 0.471591 0.081414 0.019628 0.029605
1 0.500258 0.091694 0.013946 0.032072
1 0.472882 0.012747 0.017045 0.023849
1 0.543647 0.16324 0.012913 0.012336
1 0.539514 0.054688 0.01188 0.012336
1 0.563275 0.029194 0.016012 0.018914
1 0.592975 0.064145 0.033058 0.041118
1 0.596074 0.018503 0.011364 0.01398
1 0.629649 0.021382 0.03719 0.034539
1 0.646694 0.07648 0.01343 0.023026
1 0.613895 0.120066 0.01188 0.014803
1 0.679236 0.148026 0.027893 0.032895
1 0.70093 0.02426 0.008264 0.012336
1 0.613378 0.189556 0.030475 0.018914
0 0.759298 0.112664 0.012397 0.018092
1 0.752583 0.108964 0.007231 0.01398
