0 0.719267 0.638569 0.063533 0.078125
0 0.568182 0.527138 0.025826 0.026316
0 0.303202 0.576891 0.053719 0.063322
0 0.28564 0.474918 0.019628 0.018914
0 0.303977 0.445724 0.02531 0.026316
0 0.136364 0.464227 0.039256 0.035362
0 0.048295 0.465461 0.064566 0.067434
0 0.181302 0.318257 0.043388 0.041118
0 0.297004 0.275905 0.019628 0.028783
0 0.28564 0.236842 0.01343 0.019737
0 0.36751 0.309622 0.021178 0.025493
0 0.389205 0.401316 0.026343 0.032895
0 0.469008 0.367599 0.047521 0.047697
0 0.533058 0.348273 0.046488 0.064967
0 0.500517 0.26028 0.030992 0.050164
0 0.540548 0.245888 0.027376 0.029605
0 0.650568 0.297697 0.019112 0.021382
0 0.633781 0.220395 0.018595 0.021382
0 0.608213 0.449013 0.052169 0.082237
0 0.748967 0.27426 0.049587 0.056743
0 0.803202 0.470395 0.033058 0.052632
0 0.909607 0.328125 0.044421 0.072368
0 0.735795 0.370066 0.01188 0.023026
0 0.370351 0.222451 0.053719 0.060033
0 0.375258 0.186266 0.018079 0.010691
