0 0.044421 0.460526 0.07438 0.0625
0 0.134556 0.463405 0.03874 0.038651
0 0.277893 0.46875 0.033058 0.021382
0 0.307076 0.444901 0.026343 0.024671
0 0.178719 0.318668 0.036157 0.046875
0 0.388688 0.403372 0.021178 0.035362
0 0.294421 0.271793 0.017562 0.027138
0 0.285124 0.240954 0.014463 0.023026
0 0.366736 0.308388 0.018595 0.018092
0 0.373192 0.21875 0.052169 0.055921
0 0.376033 0.188734 0.014463 0.01398
0 0.464618 0.373355 0.052169 0.057566
0 0.533058 0.353207 0.049587 0.068257
0 0.497159 0.262747 0.034607 0.050164
0 0.535899 0.247533 0.027376 0.029605
0 0.610021 0.453536 0.051653 0.094572
0 0.567665 0.524671 0.02686 0.024671
0 0.714876 0.636102 0.065083 0.078125
0 0.75 0.276727 0.049587 0.058388
0 0.648244 0.297697 0.020661 0.021382
0 0.632231 0.222451 0.015496 0.01398
0 0.736312 0.375 0.014979 0.026316
0 0.801911 0.472451 0.037707 0.060033
0 0.827996 0.279605 0.019628 0.029605
0 0.905475 0.32977 0.052686 0.074013
0 0.950413 0.418174 0.070248 0.071546
1 0.076188 0.430099 0.077996 0.085526
1 0.154442 0.441612 0.038223 0.039474
1 0.289773 0.460526 0.020661 0.03125
1 0.318957 0.43051 0.022211 0.022204
1 0.198864 0.29852 0.030992 0.050987
1 0.302169 0.259046 0.019628 0.023026
1 0.295971 0.22574 0.020661 0.015625
1 0.402893 0.385691 0.02686 0.034539
1 0.376808 0.29852 0.014979 0.026316
1 0.396436 0.200658 0.03564 0.064145
1 0.381715 0.177632 0.018595 0.013158
1 0.492252 0.349095 0.046488 0.068257
1 0.557076 0.328125 0.061467 0.055921
1 0.524793 0.240954 0.05062 0.054276
1 0.549587 0.235197 0.025826 0.034539
1 0.647211 0.416941 0.065083 0.113487
1 0.576963 0.513158 0.027893 0.023026
1 0.741219 0.610609 0.036157 0.060033
1 0.663998 0.283306 0.018079 0.028783
1 0.635331 0.211349 0.015496 0.014803
1 0.780733 0.258224 0.04907 0.072368
1 0.847107 0.261924 0.020661 0.035362
1 0.937758 0.296875 0.045971 0.083882
1 0.977531 0.391859 0.044938 0.094572
1 0.819731 0.45477 0.030992 0.065789
1 0.743285 0.365543 0.015496 0.022204
0 0.303202 0.568257 0.05062 0.050987
1 0.331612 0.540296 0.043388 0.042763
