0 0.719267 0.638569 0.063533 0.078125
0 0.568182 0.527138 0.025826 0.026316
0 0.303202 0.576891 0.053719 0.063322
0 0.28564 0.474918 0.019628 0.018914
0 0.303977 0.445724 0.02531 0.026316
0 0.136364 0.464227 0.039256 0.035362
0 0.048295 0.465461 0.064566 0.067434
0 0.181302 0.318257 0.043388 0.041118
0 0.297004 0.275905 0.019628 0.028783
0 0.28564 0.236842 0.01343 0.019737
0 0.36751 0.309622 0.021178 0.025493
0 0.389205 0.401316 0.026343 0.032895
0 0.469008 0.367599 0.047521 0.047697
0 0.533058 0.348273 0.046488 0.064967
0 0.500517 0.26028 0.030992 0.050164
0 0.540548 0.245888 0.027376 0.029605
0 0.650568 0.297697 0.019112 0.021382
0 0.633781 0.220395 0.018595 0.021382
0 0.608213 0.449013 0.052169 0.082237
0 0.748967 0.27426 0.049587 0.056743
0 0.803202 0.470395 0.033058 0.052632
0 0.909607 0.328125 0.044421 0.072368
0 0.735795 0.370066 0.01188 0.023026
1 0.010589 0.481497 0.020145 0.037007
1 0.100207 0.464227 0.049587 0.037007
1 0.246384 0.586349 0.103306 0.065789
1 0.132231 0.318257 0.073347 0.047697
1 0.239153 0.471217 0.071281 0.013158
1 0.265496 0.44778 0.057851 0.028783
1 0.452996 0.439145 0.28719 0.108553
1 0.268079 0.270559 0.068182 0.021382
1 0.260072 0.240954 0.042872 0.026316
0 0.370351 0.222451 0.053719 0.060033
0 0.375258 0.186266 0.018079 0.010691
1 0.317665 0.219572 0.112603 0.074013
1 0.346074 0.180099 0.052686 0.032895
1 0.440083 0.262747 0.119835 0.056743
1 0.390496 0.373766 0.128099 0.056743
1 0.454804 0.347451 0.133781 0.060033
1 0.51937 0.250822 0.024277 0.03125
1 0.622934 0.296464 0.048554 0.028783
1 0.615186 0.216694 0.028926 0.027138
1 0.696539 0.272615 0.080062 0.060033
1 0.729081 0.476151 0.135847 0.060855
1 0.641012 0.651727 0.153926 0.081414
1 0.855888 0.328947 0.067149 0.077303
1 0.710486 0.373766 0.039773 0.030428
1 0.523244 0.521382 0.07438 0.039474
