0 0.052428 0.473273 0.077996 0.091283
0 0.133781 0.464227 0.045455 0.037007
0 0.274277 0.469161 0.020661 0.020559
0 0.301136 0.57977 0.083678 0.064145
0 0.304494 0.448602 0.026343 0.025493
0 0.387913 0.400905 0.025826 0.030428
0 0.366219 0.308388 0.021694 0.024671
0 0.293905 0.268914 0.021694 0.019737
0 0.464618 0.370888 0.056302 0.049342
0 0.372159 0.221217 0.045971 0.055921
0 0.375517 0.185444 0.016529 0.010691
0 0.495351 0.259868 0.03719 0.050987
0 0.533833 0.245477 0.027376 0.027138
0 0.534091 0.352796 0.051653 0.070724
0 0.612087 0.456003 0.053719 0.097862
0 0.561467 0.521793 0.016529 0.023849
0 0.716942 0.64227 0.07438 0.085526
0 0.649277 0.298109 0.016529 0.020559
0 0.630424 0.219572 0.017045 0.027961
0 0.75155 0.273438 0.047521 0.051809
0 0.827996 0.282895 0.02686 0.034539
0 0.737087 0.371299 0.018595 0.020559
0 0.800103 0.469161 0.036157 0.060033
0 0.870093 0.780839 0.077996 0.078125
0 0.953512 0.421875 0.077479 0.082237
0 0.907541 0.331003 0.051653 0.073191
