0 0.052428 0.473273 0.077996 0.091283
0 0.133781 0.464227 0.045455 0.037007
0 0.274277 0.469161 0.020661 0.020559
0 0.301136 0.57977 0.083678 0.064145
0 0.304494 0.448602 0.026343 0.025493
0 0.387913 0.400905 0.025826 0.030428
0 0.366219 0.308388 0.021694 0.024671
0 0.293905 0.268914 0.021694 0.019737
0 0.464618 0.370888 0.056302 0.049342
0 0.372159 0.221217 0.045971 0.055921
0 0.375517 0.185444 0.016529 0.010691
0 0.495351 0.259868 0.03719 0.050987
0 0.533833 0.245477 0.027376 0.027138
0 0.534091 0.352796 0.051653 0.070724
0 0.612087 0.456003 0.053719 0.097862
0 0.561467 0.521793 0.016529 0.023849
0 0.716942 0.64227 0.07438 0.085526
0 0.649277 0.298109 0.016529 0.020559
0 0.630424 0.219572 0.017045 0.027961
0 0.75155 0.273438 0.047521 0.051809
0 0.827996 0.282895 0.02686 0.034539
0 0.737087 0.371299 0.018595 0.020559
0 0.800103 0.469161 0.036157 0.060033
0 0.870093 0.780839 0.077996 0.078125
0 0.953512 0.421875 0.077479 0.082237
0 0.907541 0.331003 0.051653 0.073191
1 0.068957 0.535362 0.103822 0.092105
1 0.153151 0.5 0.061467 0.044408
1 0.335744 0.622533 0.122934 0.057566
1 0.293905 0.490132 0.052686 0.034539
1 0.323347 0.456826 0.028926 0.018914
1 0.416839 0.419819 0.03719 0.032072
1 0.386105 0.316612 0.020145 0.023026
1 0.313533 0.282484 0.027893 0.018914
1 0.42562 0.233553 0.067149 0.032895
1 0.391529 0.192434 0.020661 0.016447
1 0.557593 0.287829 0.112087 0.042763
1 0.573347 0.259046 0.065083 0.021382
1 0.516787 0.409128 0.12345 0.055099
1 0.604339 0.375 0.113636 0.064145
1 0.596074 0.550164 0.071281 0.057566
1 0.724432 0.510691 0.196798 0.09375
1 0.682851 0.312911 0.051653 0.027138
1 0.649019 0.224095 0.030475 0.020559
1 0.798554 0.692845 0.130165 0.125822
1 0.948605 0.835938 0.102789 0.092928
1 0.86906 0.511102 0.114153 0.066612
1 0.826963 0.30222 0.112603 0.030428
1 0.860021 0.290296 0.05062 0.021382
1 0.959452 0.363898 0.081095 0.046875
1 0.980114 0.470395 0.039773 0.077303
