0 0.869835 0.772615 0.071281 0.068257
0 0.720041 0.641036 0.081612 0.07977
0 0.30062 0.575247 0.061983 0.061678
0 0.387397 0.409128 0.028926 0.040296
0 0.279959 0.466694 0.017562 0.022204
0 0.306043 0.44778 0.030475 0.033717
0 0.135589 0.464638 0.040806 0.041118
0 0.044421 0.464227 0.075413 0.071546
0 0.532283 0.349507 0.047004 0.057566
0 0.471074 0.374178 0.044421 0.069079
0 0.180785 0.317845 0.043388 0.040296
0 0.295455 0.272204 0.01343 0.021382
0 0.284349 0.242188 0.014979 0.025493
0 0.375775 0.220806 0.039773 0.058388
0 0.36751 0.310444 0.017045 0.022204
0 0.372934 0.187089 0.020661 0.018914
0 0.49845 0.260691 0.032025 0.050987
0 0.534091 0.247533 0.034091 0.032895
0 0.632231 0.217928 0.017562 0.021382
0 0.801136 0.471217 0.038223 0.064145
0 0.607955 0.453536 0.051653 0.087993
0 0.567407 0.527961 0.028409 0.03125
0 0.905733 0.329359 0.044938 0.066612
0 0.948089 0.418997 0.048037 0.084704
0 0.750775 0.275493 0.047004 0.052632
0 0.650052 0.300164 0.017045 0.023026
0 0.732955 0.374589 0.018595 0.018914
0 0.829804 0.277549 0.020145 0.023849
