0 0.611312 0.652138 0.063533 0.088816
0 0.514205 0.464227 0.050103 0.084704
0 0.465651 0.537418 0.030475 0.030428
0 0.708678 0.483553 0.039256 0.060855
0 0.197572 0.590049 0.061467 0.060033
0 0.045971 0.477796 0.038223 0.037829
0 0.190341 0.484786 0.028409 0.022204
0 0.216426 0.457648 0.029959 0.033717
0 0.105888 0.333059 0.045455 0.044408
0 0.38249 0.379523 0.054236 0.050164
0 0.307335 0.417763 0.02686 0.037829
0 0.291322 0.321546 0.018595 0.023026
0 0.224948 0.284951 0.020145 0.022204
0 0.218492 0.25699 0.012397 0.020559
0 0.308884 0.238898 0.048554 0.064967
0 0.314566 0.200658 0.017562 0.018092
0 0.43001 0.273026 0.03564 0.046053
0 0.466942 0.257812 0.024793 0.028783
0 0.57593 0.311266 0.021694 0.027138
0 0.570506 0.233553 0.012913 0.019737
0 0.678202 0.286595 0.05062 0.051809
0 0.656767 0.384457 0.010847 0.022204
0 0.825671 0.340461 0.047004 0.064145
0 0.454804 0.362664 0.04907 0.065789
