0 0.046229 0.481497 0.043905 0.04852
0 0.198347 0.591283 0.058884 0.0625
0 0.108729 0.335526 0.039773 0.047697
0 0.184143 0.480263 0.026343 0.024671
0 0.215909 0.459704 0.029959 0.034539
0 0.30501 0.418174 0.030475 0.038651
0 0.225981 0.286595 0.019112 0.028783
0 0.218233 0.256168 0.013946 0.023849
0 0.308884 0.235197 0.044421 0.0625
0 0.315599 0.200247 0.015496 0.01398
0 0.387913 0.384046 0.036157 0.060855
0 0.292872 0.324013 0.018595 0.029605
0 0.452221 0.365954 0.04907 0.067434
0 0.427944 0.274671 0.036674 0.044408
0 0.464101 0.259868 0.031508 0.03125
0 0.467717 0.540707 0.019112 0.030428
0 0.514979 0.465049 0.052686 0.094572
0 0.605372 0.651727 0.076446 0.07648
0 0.745093 0.782895 0.066632 0.090461
0 0.707903 0.486842 0.03564 0.072368
0 0.574122 0.309622 0.021178 0.022204
0 0.573347 0.233553 0.01343 0.018092
0 0.678977 0.285773 0.056302 0.055099
0 0.762138 0.289885 0.014979 0.022204
0 0.841942 0.342516 0.054752 0.073191
0 0.868543 0.422286 0.056302 0.061678
0 0.653667 0.38528 0.017045 0.022204
1 0.021694 0.493421 0.041322 0.021382
1 0.130682 0.607319 0.106405 0.046875
1 0.047262 0.349095 0.093492 0.030428
1 0.143079 0.497122 0.071281 0.01727
1 0.177169 0.470395 0.056818 0.014803
1 0.26188 0.431743 0.072314 0.026316
1 0.302686 0.393914 0.169421 0.057566
1 0.423295 0.379523 0.065599 0.046875
1 0.187758 0.290707 0.059401 0.023849
1 0.193698 0.263158 0.054752 0.016447
1 0.239669 0.247944 0.126033 0.04523
1 0.293905 0.203536 0.033058 0.015625
1 0.346333 0.294408 0.141012 0.041118
1 0.421229 0.269326 0.061467 0.015625
1 0.381973 0.506579 0.229855 0.074013
1 0.406508 0.562911 0.100207 0.050164
1 0.527376 0.712171 0.142562 0.110197
1 0.642562 0.515214 0.126033 0.063322
1 0.542355 0.319079 0.048554 0.014803
1 0.54907 0.230263 0.028926 0.013158
1 0.624483 0.298931 0.069215 0.037007
1 0.633006 0.394737 0.031508 0.016447
1 0.736829 0.296464 0.045971 0.022204
1 0.768595 0.362253 0.090909 0.040296
1 0.787448 0.457648 0.112087 0.055099
