0 0.048037 0.481086 0.043388 0.044408
0 0.182851 0.483553 0.024793 0.021382
0 0.193957 0.594572 0.081095 0.072368
0 0.217459 0.459704 0.029959 0.027961
0 0.30656 0.414885 0.021178 0.032072
0 0.29468 0.323191 0.016012 0.024671
0 0.223915 0.282895 0.019112 0.019737
0 0.302169 0.237253 0.055785 0.068257
0 0.319731 0.201069 0.018595 0.01727
0 0.381198 0.381168 0.056818 0.040296
0 0.516271 0.467105 0.045971 0.090461
0 0.456353 0.367188 0.054236 0.071546
0 0.427169 0.27426 0.039256 0.051809
0 0.465134 0.259046 0.033574 0.026316
0 0.574122 0.309622 0.022211 0.022204
0 0.565857 0.229441 0.018079 0.026316
0 0.678719 0.283717 0.047521 0.054276
0 0.613895 0.653783 0.082128 0.090461
0 0.70687 0.479441 0.032541 0.055921
0 0.829804 0.341694 0.051136 0.064967
0 0.867252 0.430921 0.07438 0.075658
0 0.751033 0.808799 0.104339 0.114309
0 0.760847 0.291941 0.024793 0.032895
