0 0.869835 0.772615 0.071281 0.068257
0 0.720041 0.641036 0.081612 0.07977
0 0.30062 0.575247 0.061983 0.061678
0 0.387397 0.409128 0.028926 0.040296
0 0.279959 0.466694 0.017562 0.022204
0 0.306043 0.44778 0.030475 0.033717
0 0.135589 0.464638 0.040806 0.041118
0 0.044421 0.464227 0.075413 0.071546
0 0.532283 0.349507 0.047004 0.057566
0 0.471074 0.374178 0.044421 0.069079
0 0.180785 0.317845 0.043388 0.040296
0 0.295455 0.272204 0.01343 0.021382
0 0.284349 0.242188 0.014979 0.025493
0 0.375775 0.220806 0.039773 0.058388
0 0.36751 0.310444 0.017045 0.022204
0 0.372934 0.187089 0.020661 0.018914
0 0.49845 0.260691 0.032025 0.050987
0 0.534091 0.247533 0.034091 0.032895
0 0.632231 0.217928 0.017562 0.021382
0 0.801136 0.471217 0.038223 0.064145
0 0.607955 0.453536 0.051653 0.087993
0 0.567407 0.527961 0.028409 0.03125
0 0.905733 0.329359 0.044938 0.066612
0 0.948089 0.418997 0.048037 0.084704
0 0.750775 0.275493 0.047004 0.052632
0 0.650052 0.300164 0.017045 0.023026
0 0.732955 0.374589 0.018595 0.018914
0 0.829804 0.277549 0.020145 0.023849
1 0.01937 0.495066 0.037707 0.042763
1 0.099174 0.478618 0.045455 0.03125
1 0.23812 0.593339 0.117769 0.040296
1 0.116219 0.335526 0.09814 0.021382
1 0.239411 0.479852 0.072831 0.020559
1 0.263171 0.450247 0.066632 0.01398
1 0.350981 0.42023 0.076963 0.018092
1 0.257748 0.273849 0.070248 0.019737
1 0.259814 0.24301 0.054752 0.01398
1 0.298295 0.234375 0.137913 0.052632
1 0.353048 0.187911 0.034607 0.01727
1 0.414773 0.279605 0.141529 0.029605
1 0.33032 0.314967 0.058368 0.016447
1 0.34814 0.39597 0.081612 0.027138
1 0.412965 0.388158 0.115186 0.055921
1 0.497934 0.367188 0.059917 0.050164
1 0.493285 0.255345 0.071281 0.012336
1 0.612087 0.225329 0.028926 0.018092
1 0.475207 0.489309 0.219008 0.064145
1 0.511105 0.544819 0.083161 0.038651
1 0.641529 0.699013 0.133264 0.095395
1 0.737862 0.509046 0.114153 0.064145
1 0.61751 0.304276 0.056302 0.023026
1 0.695248 0.291118 0.079545 0.03125
1 0.714618 0.386513 0.026343 0.018092
1 0.800362 0.283717 0.041839 0.009868
1 0.846333 0.349918 0.090393 0.027138
1 0.88094 0.440378 0.098657 0.061678
1 0.829545 0.796875 0.06405 0.052632
