0 0.600207 0.652549 0.066116 0.07977
0 0.467975 0.539062 0.02686 0.027138
0 0.04468 0.47903 0.036674 0.043586
0 0.196281 0.578947 0.058884 0.044408
0 0.185434 0.483964 0.036157 0.027138
0 0.216942 0.460938 0.028926 0.032072
0 0.102531 0.33347 0.03874 0.041941
0 0.303719 0.413651 0.027893 0.03125
0 0.381457 0.379523 0.051136 0.050164
0 0.452738 0.362664 0.047004 0.074013
0 0.226498 0.284951 0.016012 0.025493
0 0.219008 0.252467 0.014463 0.018092
0 0.291581 0.323191 0.014979 0.023026
0 0.424329 0.27426 0.03874 0.046875
0 0.310692 0.237664 0.051136 0.059211
0 0.316116 0.203125 0.017562 0.016447
0 0.464876 0.26028 0.024793 0.030428
0 0.574638 0.311266 0.019112 0.023849
0 0.569731 0.233964 0.019628 0.018914
0 0.6547 0.385691 0.013946 0.018092
0 0.514979 0.464227 0.049587 0.092928
0 0.708678 0.485197 0.03719 0.0625
0 0.679236 0.287418 0.048554 0.055099
0 0.760331 0.28824 0.02686 0.025493
0 0.827738 0.339227 0.056302 0.071546
0 0.866219 0.427632 0.075413 0.070724
1 0.015754 0.438322 0.030475 0.078947
1 0.068957 0.457648 0.043905 0.041941
1 0.201705 0.474507 0.021178 0.021382
1 0.237345 0.560033 0.052169 0.042763
1 0.125775 0.316612 0.031508 0.046053
1 0.232438 0.44449 0.020661 0.027138
1 0.638171 0.625822 0.045971 0.070724
1 0.323089 0.398849 0.027376 0.037829
1 0.303977 0.310033 0.018079 0.021382
1 0.236054 0.272615 0.021694 0.028783
1 0.227789 0.243832 0.021694 0.01727
1 0.332903 0.208059 0.036674 0.064145
1 0.327738 0.195724 0.017045 0.019737
1 0.411157 0.361842 0.038223 0.0625
1 0.484504 0.343339 0.056818 0.066612
1 0.567149 0.432155 0.071281 0.124178
1 0.480114 0.525905 0.02531 0.035362
1 0.595816 0.29852 0.02531 0.037829
1 0.576446 0.224918 0.016529 0.018914
1 0.485279 0.251234 0.019112 0.037007
1 0.457128 0.252056 0.045455 0.060033
1 0.729081 0.468339 0.029442 0.074836
1 0.663998 0.382401 0.006715 0.019737
1 0.713585 0.269326 0.045971 0.07648
1 0.778667 0.27426 0.029442 0.030428
1 0.866736 0.314967 0.058884 0.100329
1 0.905475 0.403372 0.081612 0.092928
