0 0.600207 0.652549 0.066116 0.07977
0 0.467975 0.539062 0.02686 0.027138
0 0.04468 0.47903 0.036674 0.043586
0 0.196281 0.578947 0.058884 0.044408
0 0.185434 0.483964 0.036157 0.027138
0 0.216942 0.460938 0.028926 0.032072
0 0.102531 0.33347 0.03874 0.041941
0 0.303719 0.413651 0.027893 0.03125
0 0.381457 0.379523 0.051136 0.050164
0 0.452738 0.362664 0.047004 0.074013
0 0.226498 0.284951 0.016012 0.025493
0 0.219008 0.252467 0.014463 0.018092
0 0.291581 0.323191 0.014979 0.023026
0 0.424329 0.27426 0.03874 0.046875
0 0.310692 0.237664 0.051136 0.059211
0 0.316116 0.203125 0.017562 0.016447
0 0.464876 0.26028 0.024793 0.030428
0 0.574638 0.311266 0.019112 0.023849
0 0.569731 0.233964 0.019628 0.018914
0 0.6547 0.385691 0.013946 0.018092
0 0.514979 0.464227 0.049587 0.092928
0 0.708678 0.485197 0.03719 0.0625
0 0.679236 0.287418 0.048554 0.055099
0 0.760331 0.28824 0.02686 0.025493
0 0.827738 0.339227 0.056302 0.071546
0 0.866219 0.427632 0.075413 0.070724
