0 0.048037 0.481086 0.043388 0.044408
0 0.182851 0.483553 0.024793 0.021382
0 0.193957 0.594572 0.081095 0.072368
0 0.217459 0.459704 0.029959 0.027961
0 0.30656 0.414885 0.021178 0.032072
0 0.29468 0.323191 0.016012 0.024671
0 0.223915 0.282895 0.019112 0.019737
0 0.302169 0.237253 0.055785 0.068257
0 0.319731 0.201069 0.018595 0.01727
0 0.381198 0.381168 0.056818 0.040296
0 0.516271 0.467105 0.045971 0.090461
0 0.456353 0.367188 0.054236 0.071546
0 0.427169 0.27426 0.039256 0.051809
0 0.465134 0.259046 0.033574 0.026316
0 0.574122 0.309622 0.022211 0.022204
0 0.565857 0.229441 0.018079 0.026316
0 0.678719 0.283717 0.047521 0.054276
0 0.613895 0.653783 0.082128 0.090461
0 0.70687 0.479441 0.032541 0.055921
0 0.829804 0.341694 0.051136 0.064967
0 0.867252 0.430921 0.07438 0.075658
0 0.751033 0.808799 0.104339 0.114309
0 0.760847 0.291941 0.024793 0.032895
1 0.013171 0.54852 0.02531 0.046053
1 0.063017 0.511102 0.051653 0.035362
1 0.24406 0.636513 0.08936 0.064145
1 0.197831 0.503701 0.061983 0.027138
1 0.230888 0.473684 0.040289 0.019737
1 0.331353 0.432155 0.032541 0.025493
1 0.311725 0.330592 0.020145 0.023026
1 0.24406 0.296464 0.026343 0.01727
1 0.360795 0.249178 0.071798 0.044408
1 0.325155 0.208059 0.032541 0.008224
1 0.48812 0.29852 0.103306 0.046053
1 0.509814 0.269326 0.054752 0.020559
1 0.433368 0.419408 0.133264 0.047697
1 0.52531 0.39227 0.117769 0.075658
1 0.628099 0.518914 0.202479 0.100329
1 0.684143 0.706003 0.135847 0.109375
1 0.854081 0.856497 0.157541 0.109375
1 0.783058 0.524671 0.115702 0.055921
1 0.609504 0.321135 0.051653 0.025493
1 0.588585 0.23602 0.028409 0.023026
1 0.762397 0.311266 0.114669 0.022204
1 0.801911 0.296464 0.063533 0.010691
1 0.89876 0.371711 0.112603 0.052632
1 0.926395 0.463405 0.111054 0.083059
