0 0.873967 0.791941 0.089876 0.100329
0 0.715393 0.641859 0.069215 0.083059
0 0.532025 0.351974 0.052686 0.067434
0 0.610795 0.450658 0.050103 0.085526
0 0.567665 0.527549 0.027893 0.030428
0 0.297004 0.577303 0.058884 0.052632
0 0.465909 0.368832 0.051653 0.04852
0 0.389979 0.401727 0.019628 0.025493
0 0.304752 0.448602 0.025826 0.033717
0 0.278667 0.46875 0.02531 0.018092
0 0.803719 0.467928 0.039256 0.060855
0 0.954545 0.42023 0.073347 0.074013
0 0.905475 0.332237 0.043388 0.052632
0 0.737087 0.373355 0.014463 0.021382
0 0.64876 0.301809 0.016529 0.023026
0 0.496126 0.261102 0.03874 0.051809
0 0.533574 0.244243 0.024793 0.027961
0 0.633523 0.216283 0.02531 0.014803
0 0.372417 0.21875 0.043388 0.054276
0 0.36751 0.308388 0.020145 0.019737
0 0.293647 0.256168 0.027376 0.051809
0 0.181818 0.317434 0.036157 0.039474
1 0.865702 0.745066 0.039256 0.011513
1 0.704029 0.61102 0.047521 0.042763
1 0.594783 0.421875 0.030475 0.055921
1 0.457386 0.35074 0.041839 0.027138
1 0.78564 0.456826 0.011364 0.050164
1 0.301136 0.551809 0.057851 0.021382
1 0.385331 0.393503 0.011364 0.015625
1 0.929494 0.395559 0.026343 0.023026
