0 0.046229 0.481497 0.043905 0.04852
0 0.198347 0.591283 0.058884 0.0625
0 0.108729 0.335526 0.039773 0.047697
0 0.184143 0.480263 0.026343 0.024671
0 0.215909 0.459704 0.029959 0.034539
0 0.30501 0.418174 0.030475 0.038651
0 0.225981 0.286595 0.019112 0.028783
0 0.218233 0.256168 0.013946 0.023849
0 0.308884 0.235197 0.044421 0.0625
0 0.315599 0.200247 0.015496 0.01398
0 0.387913 0.384046 0.036157 0.060855
0 0.292872 0.324013 0.018595 0.029605
0 0.452221 0.365954 0.04907 0.067434
0 0.427944 0.274671 0.036674 0.044408
0 0.464101 0.259868 0.031508 0.03125
0 0.467717 0.540707 0.019112 0.030428
0 0.514979 0.465049 0.052686 0.094572
0 0.605372 0.651727 0.076446 0.07648
0 0.745093 0.782895 0.066632 0.090461
0 0.707903 0.486842 0.03564 0.072368
0 0.574122 0.309622 0.021178 0.022204
0 0.573347 0.233553 0.01343 0.018092
0 0.678977 0.285773 0.056302 0.055099
0 0.762138 0.289885 0.014979 0.022204
0 0.841942 0.342516 0.054752 0.073191
0 0.868543 0.422286 0.056302 0.061678
0 0.653667 0.38528 0.017045 0.022204
