0 0.754907 0.807977 0.084194 0.109375
0 0.604597 0.654194 0.063533 0.078125
0 0.469008 0.541941 0.027893 0.026316
0 0.517045 0.467928 0.051653 0.098684
0 0.705837 0.483964 0.033574 0.061678
0 0.863895 0.426398 0.07593 0.071546
0 0.451705 0.364309 0.044938 0.0625
0 0.383264 0.377467 0.052686 0.046053
0 0.306818 0.414474 0.022727 0.03125
0 0.214876 0.457237 0.028926 0.039474
0 0.187242 0.483553 0.032541 0.018092
0 0.198605 0.590872 0.059401 0.056743
0 0.573347 0.310444 0.021694 0.023849
0 0.656767 0.383635 0.019112 0.020559
0 0.830579 0.340049 0.05062 0.069901
0 0.428461 0.276316 0.034607 0.057566
0 0.4672 0.259046 0.026343 0.037829
0 0.30501 0.226974 0.037707 0.069079
0 0.293388 0.321546 0.020661 0.021382
0 0.225981 0.285362 0.014979 0.023026
0 0.219008 0.256579 0.015496 0.021382
0 0.108471 0.33347 0.039256 0.038651
0 0.567407 0.22903 0.020145 0.022204
0 0.760331 0.289062 0.018595 0.027138
0 0.69499 0.296464 0.018079 0.030428
0 0.663481 0.301809 0.013946 0.027961
1 0.752324 0.758635 0.050103 0.025493
1 0.601756 0.621711 0.061983 0.03125
1 0.51188 0.423931 0.03719 0.025493
1 0.467975 0.525493 0.014463 0.011513
1 0.39437 0.361842 0.034607 0.029605
1 0.459452 0.343339 0.039773 0.01398
1 0.219008 0.565378 0.02686 0.015625
