0 0.280733 0.621299 0.027376 0.037007
0 0.250000 0.530428 0.065083 0.047697
0 0.199380 0.406661 0.037190 0.043586
0 0.214876 0.363487 0.025826 0.013158
0 0.325413 0.476562 0.030992 0.022204
0 0.225723 0.454359 0.021694 0.018914
0 0.340909 0.358964 0.032025 0.040296
0 0.315857 0.220806 0.057335 0.051809
0 0.420971 0.386102 0.015496 0.013980
0 0.386364 0.264803 0.035124 0.041118
0 0.445764 0.414062 0.029959 0.033717
0 0.453512 0.394737 0.020661 0.016447
0 0.420971 0.474507 0.019628 0.013158
0 0.518853 0.419819 0.034607 0.035362
0 0.479597 0.363487 0.044938 0.069079
0 0.441116 0.341694 0.046488 0.081414
0 0.488120 0.293997 0.035124 0.028783
0 0.522211 0.349507 0.045455 0.047697
0 0.942149 0.362664 0.021694 0.032895
0 0.167355 0.488076 0.028926 0.038651
0 0.177686 0.373766 0.026860 0.023849
