0 0.069731 0.498355 0.033058 0.037829
0 0.168647 0.640625 0.048037 0.050987
0 0.144370 0.538240 0.070764 0.053454
0 0.110795 0.418586 0.033574 0.039474
0 0.071281 0.452714 0.027893 0.022204
0 0.097366 0.391447 0.019112 0.023026
0 0.223399 0.490954 0.026343 0.019737
0 0.249483 0.368832 0.033058 0.045230
0 0.131457 0.465461 0.021178 0.021382
0 0.240444 0.233964 0.049070 0.053454
0 0.303461 0.280839 0.040806 0.050164
0 0.427944 0.432977 0.033574 0.041941
0 0.350723 0.433388 0.035124 0.039474
0 0.356147 0.347451 0.036674 0.069901
0 0.397727 0.370477 0.046488 0.055099
0 0.407541 0.309622 0.039256 0.048520
0 0.367769 0.405839 0.018595 0.022204
0 0.864153 0.423520 0.066116 0.072368
