0 0.280217 0.618421 0.026343 0.034539
0 0.246901 0.529605 0.067149 0.060855
0 0.163481 0.486431 0.033574 0.038651
0 0.224174 0.453536 0.019628 0.020559
0 0.163223 0.439556 0.033058 0.035362
0 0.199638 0.404605 0.035640 0.039474
0 0.181818 0.373355 0.020661 0.016447
0 0.212810 0.360197 0.023760 0.016447
0 0.307851 0.212582 0.046488 0.050164
0 0.328512 0.476151 0.027893 0.023026
0 0.341426 0.360197 0.026860 0.047697
0 0.419680 0.475329 0.020145 0.018092
0 0.387138 0.265214 0.035640 0.048520
0 0.420455 0.387747 0.022727 0.018914
0 0.437500 0.342105 0.041322 0.083882
0 0.444473 0.414885 0.032541 0.040296
0 0.516529 0.418586 0.036157 0.042763
0 0.488636 0.293997 0.036157 0.035362
0 0.504649 0.332237 0.039256 0.065789
0 0.479855 0.361842 0.049587 0.085526
0 0.805010 0.168174 0.018079 0.025493
0 0.942665 0.364720 0.022727 0.033717
1 0.245610 0.605263 0.057335 0.067434
1 0.214360 0.513158 0.080579 0.092105
1 0.138688 0.470395 0.037707 0.046053
1 0.148760 0.426809 0.028926 0.029605
1 0.212810 0.442845 0.027893 0.023849
1 0.172262 0.390625 0.035640 0.042763
1 0.165289 0.363076 0.024793 0.013980
1 0.199897 0.354030 0.020661 0.022204
1 0.305269 0.465049 0.033058 0.030428
1 0.295713 0.322368 0.085227 0.074013
1 0.276343 0.204770 0.049587 0.077303
1 0.350207 0.246299 0.051653 0.038651
1 0.404184 0.462171 0.021178 0.019737
1 0.426653 0.308388 0.023760 0.034539
1 0.479081 0.277138 0.019112 0.013158
1 0.498709 0.408717 0.026343 0.041118
1 0.412707 0.376645 0.012397 0.016447
1 0.435692 0.402549 0.013946 0.020559
1 0.462552 0.334293 0.016012 0.025493
1 0.788481 0.153783 0.022211 0.036184
1 0.922779 0.347862 0.028409 0.042763
