0 0.245610 0.531661 0.068698 0.061678
0 0.279959 0.620888 0.028926 0.036184
0 0.165289 0.488076 0.030992 0.038651
0 0.164514 0.441201 0.035640 0.027138
0 0.223140 0.453536 0.022727 0.017270
0 0.197831 0.407484 0.035124 0.045230
0 0.178977 0.374178 0.022211 0.021382
0 0.208936 0.362664 0.028409 0.018092
0 0.325155 0.479030 0.030475 0.025493
0 0.339618 0.357730 0.029442 0.047697
0 0.311209 0.220395 0.055269 0.052632
0 0.385847 0.262336 0.041322 0.039474
0 0.437758 0.340872 0.035640 0.081414
0 0.421488 0.386924 0.026860 0.025493
0 0.454287 0.392270 0.014979 0.016447
0 0.517304 0.418586 0.032541 0.037829
0 0.480888 0.362664 0.048554 0.067434
0 0.504649 0.337582 0.042355 0.063322
0 0.489153 0.294408 0.037190 0.031250
0 0.802944 0.166941 0.022211 0.024671
0 0.942665 0.364309 0.024793 0.031250
