0 0.164256 0.484786 0.028926 0.038651
0 0.246126 0.525905 0.065599 0.055099
0 0.288223 0.622944 0.038223 0.045230
0 0.178461 0.373766 0.021178 0.020559
0 0.199380 0.405016 0.035124 0.045230
0 0.222882 0.453536 0.022211 0.017270
0 0.338326 0.356086 0.030992 0.044408
0 0.312242 0.219161 0.057335 0.051809
0 0.383781 0.265625 0.036157 0.047697
0 0.442149 0.414474 0.032025 0.037829
0 0.517304 0.422697 0.033574 0.034539
0 0.435692 0.335938 0.041839 0.073191
0 0.488120 0.295641 0.033058 0.040296
0 0.485279 0.360609 0.052169 0.069901
0 0.946023 0.367188 0.042872 0.033717
0 0.160124 0.439145 0.027893 0.029605
0 0.457903 0.397615 0.028409 0.032072
0 0.323347 0.476562 0.029959 0.017270
1 0.123192 0.550987 0.100723 0.098684
1 0.199638 0.618832 0.138946 0.135691
1 0.256457 0.699013 0.088326 0.110197
1 0.287448 0.565789 0.093492 0.161184
1 0.132231 0.470806 0.036157 0.050164
1 0.168905 0.460938 0.085744 0.055099
1 0.160640 0.391036 0.025826 0.022204
1 0.209969 0.477796 0.044938 0.039474
1 0.308626 0.414474 0.062500 0.115132
1 0.259556 0.278783 0.103822 0.088816
1 0.364928 0.308388 0.058368 0.050987
1 0.513430 0.446546 0.035124 0.021382
1 0.436209 0.429276 0.030475 0.018092
1 0.419680 0.387336 0.048037 0.044408
1 0.477014 0.411595 0.040806 0.045230
1 0.477014 0.317434 0.031508 0.032895
1 0.964876 0.415707 0.064050 0.058388
