0 0.176653 0.641859 0.051653 0.051809
0 0.143337 0.543174 0.062500 0.058388
0 0.221333 0.490132 0.027376 0.019737
0 0.234504 0.231908 0.042355 0.050987
0 0.252583 0.370888 0.029959 0.047697
0 0.303719 0.273849 0.028926 0.042763
0 0.737603 0.177632 0.020661 0.027961
0 0.860021 0.375000 0.028926 0.027961
0 0.359504 0.331414 0.023760 0.029605
0 0.413740 0.303043 0.027893 0.025493
1 0.193440 0.555921 0.038740 0.050987
1 0.225207 0.660362 0.048554 0.041118
1 0.250517 0.496299 0.027893 0.022204
1 0.303461 0.240543 0.105888 0.018914
1 0.331870 0.291941 0.038740 0.031250
1 0.289514 0.381990 0.062500 0.022204
1 0.397986 0.340872 0.042872 0.035362
1 0.448864 0.314556 0.041322 0.013980
1 0.913223 0.389391 0.074380 0.027138
1 0.781508 0.183388 0.057851 0.021382
