0 0.167097 0.633635 0.024277 0.038651
0 0.145661 0.548109 0.066116 0.069901
0 0.069731 0.500411 0.026860 0.041941
0 0.075155 0.455181 0.033574 0.030428
0 0.110795 0.419819 0.034607 0.043586
0 0.096074 0.386102 0.020661 0.017270
0 0.129390 0.376234 0.026343 0.013980
0 0.133006 0.465872 0.018079 0.018914
0 0.225207 0.489720 0.025826 0.022204
0 0.251291 0.372533 0.026343 0.044408
0 0.236054 0.232319 0.045455 0.051809
0 0.319473 0.484375 0.026343 0.014803
0 0.305269 0.278372 0.035124 0.045230
0 0.334711 0.398438 0.019628 0.022204
0 0.358988 0.430099 0.033058 0.036184
0 0.364153 0.407895 0.024793 0.019737
0 0.354339 0.354030 0.042355 0.079770
0 0.431560 0.433388 0.033574 0.039474
0 0.397727 0.378701 0.047521 0.084704
0 0.426395 0.347862 0.041839 0.064145
0 0.408833 0.305921 0.034607 0.032895
0 0.738120 0.179276 0.023760 0.032895
0 0.855114 0.375822 0.023244 0.034539
