0 0.069215 0.502056 0.030992 0.040296
0 0.074897 0.456003 0.034091 0.027138
0 0.131715 0.467516 0.020661 0.020559
0 0.110021 0.420641 0.038223 0.045230
0 0.096074 0.391036 0.022727 0.025493
0 0.130682 0.375822 0.025826 0.013158
0 0.142304 0.546875 0.067665 0.060855
0 0.166064 0.632401 0.029442 0.034539
0 0.222107 0.490543 0.029959 0.022204
0 0.250775 0.372122 0.028409 0.050164
0 0.239928 0.234786 0.054236 0.051809
0 0.305785 0.277961 0.036157 0.042763
0 0.337035 0.400082 0.024277 0.022204
0 0.430785 0.432977 0.035124 0.038651
0 0.354855 0.353207 0.037190 0.083059
0 0.367252 0.405016 0.018595 0.018914
0 0.352789 0.429276 0.013430 0.021382
0 0.409866 0.308388 0.034607 0.031250
0 0.397469 0.375822 0.040806 0.078947
0 0.425103 0.354030 0.042355 0.066612
0 0.737345 0.178865 0.023244 0.028783
0 0.855114 0.375411 0.021178 0.032072
1 0.178719 0.604441 0.024793 0.039474
1 0.154700 0.503701 0.065599 0.048520
1 0.080837 0.483553 0.022211 0.050987
1 0.081095 0.437089 0.026860 0.022204
1 0.135847 0.451480 0.013430 0.011513
1 0.123967 0.401727 0.028926 0.046875
1 0.097882 0.372944 0.017045 0.015625
1 0.137138 0.361020 0.021178 0.016447
1 0.231405 0.475329 0.029959 0.024671
1 0.260331 0.205592 0.056818 0.075658
1 0.264205 0.354441 0.034607 0.050987
1 0.329804 0.235197 0.053202 0.075658
1 0.371643 0.339227 0.023244 0.073191
1 0.346074 0.391859 0.021694 0.028783
1 0.365444 0.416530 0.020145 0.020559
1 0.374742 0.395559 0.017045 0.013158
1 0.413223 0.294408 0.033058 0.024671
1 0.412965 0.361431 0.040806 0.050164
1 0.439566 0.332237 0.020661 0.024671
1 0.443440 0.415296 0.032541 0.052632
1 0.866736 0.352385 0.016529 0.046875
1 0.745093 0.166530 0.017045 0.033717
