0 0.166581 0.633635 0.029442 0.033717
0 0.143595 0.543174 0.066116 0.050164
0 0.129390 0.464227 0.022211 0.025493
0 0.111829 0.417352 0.040806 0.040296
0 0.097882 0.388158 0.027376 0.018092
0 0.129132 0.375000 0.022727 0.018092
0 0.223915 0.488487 0.029442 0.031250
0 0.250000 0.369655 0.026860 0.048520
0 0.242510 0.234786 0.062500 0.048520
0 0.357180 0.352385 0.040806 0.079770
0 0.307335 0.279605 0.035124 0.042763
0 0.358213 0.426809 0.032541 0.032895
0 0.338326 0.403372 0.013430 0.015625
0 0.366994 0.402961 0.020145 0.018092
0 0.432076 0.430510 0.035640 0.037007
0 0.397211 0.375822 0.053719 0.078947
0 0.426911 0.347451 0.048037 0.061678
0 0.411415 0.306332 0.037707 0.028783
0 0.319473 0.486431 0.018079 0.017270
0 0.857438 0.370066 0.035124 0.052632
