0 0.245868 0.529194 0.068182 0.064967
0 0.279959 0.624589 0.030992 0.038651
0 0.322572 0.475329 0.032541 0.024671
0 0.340393 0.356908 0.034091 0.049342
0 0.306560 0.221217 0.043905 0.057566
0 0.383781 0.263158 0.036157 0.036184
0 0.942665 0.363898 0.019628 0.035362
0 0.802169 0.166118 0.020661 0.027961
0 0.439566 0.313734 0.024793 0.030428
0 0.485795 0.293997 0.025310 0.038651
1 0.298295 0.540707 0.040806 0.053454
1 0.331095 0.641036 0.071281 0.058388
1 0.380682 0.238076 0.109504 0.041941
1 0.392562 0.281661 0.029959 0.030428
1 0.352789 0.481908 0.026860 0.019737
1 0.370868 0.370066 0.034091 0.050987
1 0.459711 0.322780 0.018595 0.028783
1 0.512397 0.301398 0.035124 0.033717
1 0.847107 0.171875 0.066116 0.018092
1 0.976240 0.369655 0.047521 0.023849
