0 0.069731 0.498355 0.033058 0.037829
0 0.168647 0.640625 0.048037 0.050987
0 0.144370 0.538240 0.070764 0.053454
0 0.110795 0.418586 0.033574 0.039474
0 0.071281 0.452714 0.027893 0.022204
0 0.097366 0.391447 0.019112 0.023026
0 0.223399 0.490954 0.026343 0.019737
0 0.249483 0.368832 0.033058 0.045230
0 0.131457 0.465461 0.021178 0.021382
0 0.240444 0.233964 0.049070 0.053454
0 0.303461 0.280839 0.040806 0.050164
0 0.427944 0.432977 0.033574 0.041941
0 0.350723 0.433388 0.035124 0.039474
0 0.356147 0.347451 0.036674 0.069901
0 0.397727 0.370477 0.046488 0.055099
0 0.407541 0.309622 0.039256 0.048520
0 0.367769 0.405839 0.018595 0.022204
1 0.132748 0.712993 0.089876 0.103618
1 0.098399 0.634457 0.159607 0.138980
1 0.213068 0.517270 0.048037 0.036184
1 0.043388 0.548931 0.076446 0.063322
1 0.118543 0.491776 0.039773 0.039474
1 0.056302 0.468339 0.030992 0.022204
1 0.068957 0.475740 0.111054 0.071546
1 0.076188 0.403372 0.031508 0.032072
1 0.180785 0.291941 0.106405 0.083882
1 0.198089 0.442434 0.105888 0.131579
1 0.284607 0.314145 0.063017 0.042763
1 0.335486 0.400493 0.054236 0.042763
1 0.350981 0.439556 0.023244 0.015625
1 0.424070 0.462993 0.028926 0.019737
1 0.392562 0.422697 0.033058 0.046053
1 0.395403 0.333470 0.043905 0.030428
0 0.855630 0.374589 0.023244 0.032072
1 0.876033 0.420641 0.060950 0.066612
