0 0.164256 0.484786 0.028926 0.038651
0 0.246126 0.525905 0.065599 0.055099
0 0.288223 0.622944 0.038223 0.045230
0 0.178461 0.373766 0.021178 0.020559
0 0.199380 0.405016 0.035124 0.045230
0 0.222882 0.453536 0.022211 0.017270
0 0.338326 0.356086 0.030992 0.044408
0 0.312242 0.219161 0.057335 0.051809
0 0.383781 0.265625 0.036157 0.047697
0 0.442149 0.414474 0.032025 0.037829
0 0.517304 0.422697 0.033574 0.034539
0 0.435692 0.335938 0.041839 0.073191
0 0.488120 0.295641 0.033058 0.040296
0 0.485279 0.360609 0.052169 0.069901
0 0.946023 0.367188 0.042872 0.033717
0 0.160124 0.439145 0.027893 0.029605
0 0.457903 0.397615 0.028409 0.032072
0 0.323347 0.476562 0.029959 0.017270
