0 0.280217 0.618421 0.026343 0.034539
0 0.246901 0.529605 0.067149 0.060855
0 0.163481 0.486431 0.033574 0.038651
0 0.224174 0.453536 0.019628 0.020559
0 0.163223 0.439556 0.033058 0.035362
0 0.199638 0.404605 0.035640 0.039474
0 0.181818 0.373355 0.020661 0.016447
0 0.212810 0.360197 0.023760 0.016447
0 0.307851 0.212582 0.046488 0.050164
0 0.328512 0.476151 0.027893 0.023026
0 0.341426 0.360197 0.026860 0.047697
0 0.419680 0.475329 0.020145 0.018092
0 0.387138 0.265214 0.035640 0.048520
0 0.420455 0.387747 0.022727 0.018914
0 0.437500 0.342105 0.041322 0.083882
0 0.444473 0.414885 0.032541 0.040296
0 0.516529 0.418586 0.036157 0.042763
0 0.488636 0.293997 0.036157 0.035362
0 0.504649 0.332237 0.039256 0.065789
0 0.479855 0.361842 0.049587 0.085526
0 0.805010 0.168174 0.018079 0.025493
0 0.942665 0.364720 0.022727 0.033717
