0 0.335486 0.217516 0.014979 0.018914
0 0.312242 0.187911 0.038740 0.030428
0 0.258523 0.178454 0.018079 0.019737
0 0.254907 0.160362 0.018079 0.013158
0 0.276085 0.146382 0.018079 0.024671
0 0.292872 0.168586 0.011364 0.014803
0 0.279959 0.127467 0.013430 0.009868
0 0.358988 0.163240 0.017562 0.012336
0 0.338585 0.059211 0.032541 0.036184
0 0.364928 0.116365 0.013946 0.027138
0 0.393079 0.075247 0.019628 0.028783
0 0.415806 0.145970 0.011364 0.010691
0 0.426911 0.123766 0.024277 0.045230
0 0.431818 0.159539 0.014463 0.023026
0 0.477014 0.166941 0.022211 0.019737
0 0.452221 0.140214 0.028409 0.041941
0 0.471591 0.126234 0.023760 0.035362
0 0.459711 0.100740 0.024793 0.022204
0 0.684143 0.038651 0.014979 0.019737
0 0.747417 0.127056 0.016529 0.020559
