0 0.334194 0.131579 0.020661 0.031250
0 0.315341 0.121299 0.013946 0.010691
0 0.318182 0.160773 0.016529 0.023849
0 0.350207 0.152138 0.013430 0.016447
0 0.382231 0.167763 0.026860 0.023026
0 0.302169 0.165707 0.009298 0.010691
0 0.390496 0.046053 0.039256 0.031250
0 0.420713 0.100740 0.022211 0.023849
0 0.444990 0.062500 0.031508 0.029605
0 0.480630 0.102796 0.030475 0.041118
0 0.532800 0.151727 0.021178 0.018914
0 0.487087 0.146793 0.022727 0.020559
0 0.509039 0.133635 0.029442 0.032072
0 0.513171 0.089227 0.018079 0.020559
0 0.804494 0.116365 0.017045 0.020559
