0 0.310176 0.188734 0.039773 0.032072
0 0.356921 0.163240 0.017562 0.012336
0 0.364411 0.116365 0.022211 0.028783
0 0.391787 0.073602 0.014979 0.018914
0 0.336777 0.062089 0.029959 0.037007
0 0.333161 0.217516 0.011364 0.017270
0 0.428202 0.104852 0.012397 0.013980
0 0.458678 0.095806 0.011364 0.015625
0 0.683626 0.039062 0.017045 0.018914
0 0.747676 0.129112 0.016012 0.023026
1 0.341167 0.195312 0.026343 0.025493
1 0.348657 0.221628 0.019628 0.010691
1 0.367769 0.077714 0.027893 0.025493
1 0.373709 0.166530 0.017045 0.010691
1 0.380424 0.122533 0.022211 0.024671
1 0.402634 0.081003 0.016012 0.010691
1 0.709969 0.042763 0.034607 0.009868
1 0.780992 0.132812 0.052686 0.012336
