0 0.334194 0.131579 0.020661 0.031250
0 0.315341 0.121299 0.013946 0.010691
0 0.318182 0.160773 0.016529 0.023849
0 0.350207 0.152138 0.013430 0.016447
0 0.382231 0.167763 0.026860 0.023026
0 0.302169 0.165707 0.009298 0.010691
0 0.390496 0.046053 0.039256 0.031250
0 0.420713 0.100740 0.022211 0.023849
0 0.444990 0.062500 0.031508 0.029605
0 0.480630 0.102796 0.030475 0.041118
0 0.532800 0.151727 0.021178 0.018914
0 0.487087 0.146793 0.022727 0.020559
0 0.509039 0.133635 0.029442 0.032072
0 0.513171 0.089227 0.018079 0.020559
0 0.804494 0.116365 0.017045 0.020559
1 0.290806 0.168174 0.013430 0.007401
1 0.313017 0.143092 0.039256 0.018092
1 0.307335 0.130345 0.015496 0.009046
1 0.344008 0.166118 0.015496 0.013158
1 0.318440 0.178454 0.020145 0.011513
1 0.381973 0.189145 0.020145 0.014803
1 0.361054 0.080181 0.067149 0.038651
1 0.399793 0.132401 0.054752 0.042763
1 0.438791 0.085938 0.034607 0.025493
1 0.529700 0.165707 0.022211 0.012336
1 0.508523 0.152138 0.019112 0.013158
1 0.485021 0.150905 0.015496 0.010691
1 0.474690 0.131990 0.025826 0.015625
1 0.515238 0.107730 0.024277 0.013158
1 0.817407 0.137747 0.032541 0.027138
