0 0.257490 0.177632 0.017045 0.023026
0 0.254390 0.161184 0.019112 0.014803
0 0.258264 0.137336 0.013430 0.014803
0 0.274793 0.144326 0.021694 0.023849
0 0.280217 0.129523 0.014979 0.010691
0 0.291322 0.167352 0.013430 0.010691
0 0.310176 0.188734 0.041839 0.030428
0 0.334711 0.216694 0.015496 0.015625
0 0.357180 0.164474 0.017045 0.014803
0 0.340651 0.061266 0.035640 0.037007
0 0.363636 0.117188 0.018595 0.025493
0 0.392562 0.074013 0.022727 0.027961
0 0.459969 0.099507 0.024277 0.019737
0 0.413740 0.144326 0.013430 0.013980
0 0.476498 0.166530 0.022211 0.018914
0 0.426136 0.124178 0.025826 0.055921
0 0.471591 0.127878 0.026860 0.037007
0 0.454029 0.141447 0.028926 0.047697
0 0.432593 0.159539 0.019112 0.016447
0 0.746901 0.126234 0.015496 0.020559
0 0.683368 0.040296 0.015496 0.014803
1 0.263688 0.172697 0.010847 0.018092
1 0.317924 0.178865 0.032541 0.010691
1 0.257490 0.155428 0.016012 0.008224
1 0.260072 0.129523 0.009814 0.004112
1 0.280992 0.138569 0.016529 0.018914
1 0.287448 0.124589 0.007748 0.007401
1 0.296488 0.160773 0.010331 0.007401
1 0.340909 0.212171 0.011364 0.011513
1 0.361570 0.158306 0.016529 0.013980
1 0.370868 0.110609 0.016529 0.025493
1 0.350723 0.051398 0.036157 0.038651
1 0.407541 0.060444 0.023760 0.020559
1 0.435950 0.110197 0.010331 0.032895
1 0.485795 0.161595 0.013946 0.020559
1 0.470558 0.141447 0.012397 0.021382
1 0.480114 0.121711 0.011880 0.024671
1 0.466167 0.095395 0.011880 0.018092
1 0.418130 0.140625 0.006715 0.008224
1 0.758006 0.120477 0.011880 0.017270
1 0.691632 0.034128 0.010331 0.015625
