0 0.314824 0.120888 0.013946 0.013158
0 0.333419 0.130757 0.023244 0.024671
0 0.319473 0.162418 0.014979 0.023849
0 0.352531 0.154194 0.012913 0.012336
0 0.337035 0.115132 0.017045 0.009868
0 0.376291 0.174342 0.036674 0.023026
0 0.402376 0.202303 0.015496 0.014803
0 0.390238 0.048109 0.036674 0.037007
0 0.422779 0.103207 0.018079 0.028783
0 0.421488 0.150493 0.018595 0.014803
0 0.448347 0.062089 0.020661 0.027138
0 0.534091 0.154194 0.022727 0.023849
0 0.471591 0.132812 0.010331 0.010691
0 0.481147 0.110197 0.025310 0.052632
0 0.508264 0.127467 0.034091 0.044408
0 0.512655 0.085526 0.021178 0.018092
0 0.523760 0.112253 0.024793 0.038651
0 0.483988 0.139803 0.017562 0.006579
0 0.731921 0.028372 0.015496 0.017270
0 0.805269 0.115954 0.014463 0.019737
