0 0.402376 0.203536 0.015496 0.022204
0 0.376808 0.171875 0.036674 0.026316
0 0.320506 0.163651 0.013946 0.019737
0 0.334194 0.130757 0.016529 0.021382
0 0.355372 0.152549 0.013430 0.013980
0 0.323089 0.145559 0.014979 0.006579
0 0.389205 0.045641 0.033574 0.033717
0 0.424070 0.103618 0.017562 0.029605
0 0.422521 0.148849 0.015496 0.013158
0 0.447572 0.061266 0.022211 0.025493
0 0.489153 0.145559 0.016529 0.024671
0 0.473657 0.132812 0.010331 0.010691
0 0.534091 0.153783 0.022727 0.024671
0 0.513688 0.086349 0.024277 0.019737
0 0.482696 0.109375 0.026343 0.049342
0 0.509298 0.127467 0.028926 0.042763
0 0.524793 0.111842 0.026860 0.036184
0 0.805527 0.114309 0.014979 0.016447
0 0.732696 0.026727 0.013946 0.018914
0 0.336260 0.113487 0.017562 0.009868
