0 0.335486 0.217516 0.014979 0.018914
0 0.312242 0.187911 0.038740 0.030428
0 0.258523 0.178454 0.018079 0.019737
0 0.254907 0.160362 0.018079 0.013158
0 0.276085 0.146382 0.018079 0.024671
0 0.292872 0.168586 0.011364 0.014803
0 0.279959 0.127467 0.013430 0.009868
0 0.358988 0.163240 0.017562 0.012336
0 0.338585 0.059211 0.032541 0.036184
0 0.364928 0.116365 0.013946 0.027138
0 0.393079 0.075247 0.019628 0.028783
0 0.415806 0.145970 0.011364 0.010691
0 0.426911 0.123766 0.024277 0.045230
0 0.431818 0.159539 0.014463 0.023026
0 0.477014 0.166941 0.022211 0.019737
0 0.452221 0.140214 0.028409 0.041941
0 0.471074 0.123766 0.023760 0.035362
0 0.460227 0.101562 0.025826 0.023849
0 0.684143 0.038651 0.014979 0.019737
0 0.747417 0.127056 0.016529 0.020559
1 0.312242 0.218339 0.034607 0.017270
1 0.281508 0.188734 0.036157 0.033717
1 0.241994 0.176809 0.026343 0.018092
1 0.240702 0.159951 0.017562 0.017270
1 0.283316 0.163651 0.012913 0.008224
1 0.253357 0.141447 0.031508 0.027961
1 0.270145 0.130757 0.013430 0.009868
1 0.343750 0.163240 0.021178 0.012336
1 0.307335 0.059622 0.033058 0.041941
1 0.344267 0.106086 0.031508 0.023026
1 0.377066 0.070724 0.011364 0.016447
1 0.463326 0.164062 0.011364 0.015625
1 0.426911 0.150082 0.010847 0.007401
1 0.411932 0.144737 0.006715 0.008224
1 0.417872 0.103207 0.012397 0.015625
1 0.441890 0.121299 0.006715 0.010691
1 0.455837 0.092928 0.011880 0.013158
1 0.737345 0.123355 0.011880 0.018092
1 0.675103 0.034951 0.011364 0.018914
