0 0.314824 0.120888 0.013946 0.013158
0 0.333419 0.130757 0.023244 0.024671
0 0.319473 0.162418 0.014979 0.023849
0 0.352531 0.154194 0.012913 0.012336
0 0.337035 0.115132 0.017045 0.009868
0 0.376291 0.174342 0.036674 0.023026
0 0.402376 0.202303 0.015496 0.014803
0 0.390238 0.048109 0.036674 0.037007
0 0.422779 0.103207 0.018079 0.028783
0 0.421488 0.150493 0.018595 0.014803
0 0.448347 0.062089 0.020661 0.027138
0 0.534091 0.154194 0.022727 0.023849
0 0.471591 0.132812 0.010331 0.010691
0 0.481147 0.110197 0.025310 0.052632
0 0.508264 0.127467 0.034091 0.044408
0 0.512655 0.085526 0.021178 0.018092
0 0.523760 0.112253 0.024793 0.038651
0 0.483988 0.139803 0.017562 0.006579
0 0.731921 0.028372 0.015496 0.017270
0 0.805269 0.115954 0.014463 0.019737
1 0.379907 0.161595 0.037707 0.010691
1 0.408316 0.196957 0.007748 0.010691
1 0.396178 0.038651 0.033058 0.034539
1 0.322056 0.157895 0.009814 0.014803
1 0.339360 0.124178 0.014463 0.016447
1 0.341942 0.110197 0.008264 0.009868
1 0.316890 0.115132 0.014979 0.008224
1 0.353564 0.147204 0.012913 0.006579
1 0.426653 0.145970 0.014463 0.009046
1 0.430010 0.094572 0.017045 0.019737
1 0.456870 0.046875 0.017045 0.024671
1 0.490186 0.093750 0.008264 0.026316
1 0.520661 0.081826 0.009298 0.010691
1 0.541322 0.147204 0.011364 0.024671
1 0.517562 0.116776 0.019628 0.026316
1 0.536674 0.111431 0.007231 0.018914
1 0.740186 0.023026 0.010331 0.016447
1 0.814308 0.108964 0.013946 0.013980
