0 0.257748 0.178043 0.018595 0.025493
0 0.274277 0.147204 0.020661 0.027961
0 0.257748 0.135280 0.012397 0.013980
0 0.312500 0.184211 0.043388 0.021382
0 0.291581 0.166530 0.011880 0.013980
0 0.339618 0.061266 0.040806 0.037007
0 0.361570 0.114720 0.025826 0.022204
0 0.389205 0.076891 0.026343 0.028783
0 0.475465 0.165707 0.024277 0.023849
0 0.428719 0.157895 0.018595 0.014803
0 0.423295 0.118421 0.033574 0.044408
0 0.457386 0.101151 0.023244 0.018092
0 0.453254 0.136102 0.034607 0.035362
0 0.747417 0.127467 0.017562 0.023026
1 0.241994 0.201891 0.036674 0.025493
1 0.249225 0.165707 0.048037 0.045230
1 0.302169 0.209704 0.057851 0.031250
1 0.284091 0.175576 0.018595 0.015625
1 0.250000 0.143092 0.012397 0.013158
1 0.344008 0.147615 0.051653 0.048520
1 0.311983 0.095806 0.083678 0.033717
1 0.383264 0.099918 0.029959 0.018914
1 0.473915 0.182155 0.022211 0.012336
1 0.428977 0.167352 0.017045 0.007401
1 0.451446 0.165296 0.028926 0.026316
1 0.418388 0.150082 0.035124 0.018914
1 0.456612 0.118010 0.028926 0.015625
1 0.759556 0.150493 0.030475 0.026316
