0 0.257748 0.178043 0.018595 0.025493
0 0.274277 0.147204 0.020661 0.027961
0 0.257748 0.135280 0.012397 0.013980
0 0.312500 0.184211 0.043388 0.021382
0 0.291581 0.166530 0.011880 0.013980
0 0.339618 0.061266 0.040806 0.037007
0 0.361570 0.114720 0.025826 0.022204
0 0.389205 0.076891 0.026343 0.028783
0 0.475465 0.165707 0.024277 0.023849
0 0.428719 0.157895 0.018595 0.014803
0 0.423295 0.118421 0.033574 0.044408
0 0.457386 0.101151 0.023244 0.018092
0 0.453254 0.136102 0.034607 0.035362
0 0.747417 0.127467 0.017562 0.023026
