0 0.257490 0.177632 0.017045 0.023026
0 0.254390 0.161184 0.019112 0.014803
0 0.258264 0.137336 0.013430 0.014803
0 0.274793 0.144326 0.021694 0.023849
0 0.280217 0.129523 0.014979 0.010691
0 0.291322 0.167352 0.013430 0.010691
0 0.310176 0.188734 0.041839 0.030428
0 0.334711 0.216694 0.015496 0.015625
0 0.357180 0.164474 0.017045 0.014803
0 0.340651 0.061266 0.035640 0.037007
0 0.363636 0.117188 0.018595 0.025493
0 0.392562 0.074013 0.022727 0.027961
0 0.459969 0.099507 0.024277 0.019737
0 0.413740 0.144326 0.013430 0.013980
0 0.476498 0.166530 0.022211 0.018914
0 0.425620 0.123766 0.024793 0.053454
0 0.471591 0.127878 0.026860 0.037007
0 0.454029 0.141447 0.028926 0.047697
0 0.432593 0.159539 0.019112 0.016447
0 0.746901 0.126234 0.015496 0.020559
0 0.683368 0.040296 0.015496 0.014803
