0 0.375775 0.174342 0.040806 0.029605
0 0.419680 0.150905 0.013946 0.010691
0 0.423037 0.101974 0.021694 0.027961
0 0.386364 0.049342 0.030992 0.036184
0 0.732955 0.027549 0.017562 0.020559
0 0.805010 0.113487 0.014979 0.021382
0 0.512913 0.083882 0.016529 0.018092
0 0.481663 0.092516 0.012913 0.015625
0 0.402376 0.205181 0.013430 0.017270
1 0.407283 0.179688 0.025310 0.018914
1 0.415031 0.210115 0.010847 0.012336
1 0.421488 0.057155 0.043388 0.018914
1 0.436725 0.155016 0.018079 0.012336
1 0.439308 0.107730 0.023244 0.024671
1 0.494576 0.098273 0.014979 0.010691
1 0.764205 0.032895 0.042872 0.013158
1 0.838326 0.121299 0.056818 0.017270
