0 0.033833 0.550576 0.066632 0.058388
0 0.242769 0.460526 0.044421 0.041118
0 0.207645 0.227796 0.021694 0.021382
0 0.303202 0.460526 0.023760 0.031250
0 0.265238 0.437089 0.030475 0.033717
0 0.387138 0.505345 0.050103 0.038651
0 0.506457 0.229030 0.023244 0.017270
0 0.596074 0.624589 0.076446 0.119243
0 0.563533 0.532072 0.019628 0.027961
0 0.560176 0.479852 0.025310 0.017270
0 0.712810 0.578125 0.025826 0.031250
1 0.078254 0.519737 0.054236 0.095395
1 0.221333 0.214227 0.020145 0.033717
1 0.293388 0.409128 0.041322 0.043586
1 0.318440 0.407484 0.075930 0.107730
1 0.343750 0.428043 0.080062 0.063322
1 0.458678 0.450658 0.109504 0.108553
1 0.516529 0.215049 0.018595 0.027138
1 0.584969 0.460526 0.037707 0.042763
1 0.576705 0.520559 0.014979 0.031250
1 0.620868 0.590461 0.043388 0.082237
1 0.733988 0.562911 0.034091 0.053454
