0 0.135072 0.542763 0.064566 0.069079
0 0.477789 0.668586 0.049587 0.064145
0 0.390238 0.710115 0.034607 0.033717
0 0.371901 0.672286 0.026860 0.035362
0 0.612087 0.696546 0.022727 0.039474
0 0.520661 0.711349 0.036157 0.037829
0 0.552428 0.650493 0.021178 0.034539
0 0.703254 0.595806 0.060434 0.086349
0 0.668905 0.518914 0.019628 0.027961
0 0.818957 0.571546 0.022211 0.037829
0 0.490444 0.495888 0.040806 0.037829
0 0.487345 0.462171 0.021178 0.031250
0 0.455062 0.496711 0.025826 0.019737
0 0.409866 0.466694 0.079029 0.060033
0 0.270403 0.211349 0.020145 0.023026
0 0.342717 0.431743 0.038740 0.052632
0 0.573347 0.218750 0.018595 0.026316
0 0.572314 0.217105 0.018595 0.026316
1 0.058110 0.569079 0.115186 0.064145
1 0.233729 0.211760 0.051136 0.023849
1 0.323864 0.421053 0.020661 0.019737
1 0.363120 0.708882 0.041322 0.024671
1 0.342717 0.674342 0.038740 0.016447
1 0.377583 0.673109 0.160124 0.037007
1 0.482438 0.715461 0.064050 0.036184
1 0.457386 0.482730 0.027376 0.032895
1 0.538740 0.213816 0.052686 0.032895
1 0.530217 0.651316 0.033574 0.026316
1 0.572572 0.706826 0.072831 0.032072
1 0.634039 0.608141 0.114153 0.092928
1 0.637138 0.516859 0.045971 0.023849
1 0.780733 0.572780 0.061467 0.037007
