0 0.264979 0.682566 0.019628 0.034539
0 0.271178 0.720806 0.034091 0.022204
0 0.359246 0.678454 0.054236 0.064145
0 0.402376 0.722862 0.034091 0.037829
0 0.439566 0.664885 0.025826 0.033717
0 0.494060 0.708059 0.025310 0.037829
0 0.588068 0.607319 0.077996 0.089638
0 0.563533 0.532072 0.020661 0.031250
0 0.386880 0.506990 0.046488 0.037007
0 0.401085 0.473273 0.021178 0.018914
0 0.245868 0.456414 0.039256 0.024671
0 0.309917 0.477796 0.059917 0.054276
0 0.343233 0.481086 0.042872 0.057566
0 0.260847 0.432977 0.027893 0.023849
0 0.714876 0.579359 0.024793 0.027138
1 0.271436 0.668997 0.008781 0.005757
1 0.495610 0.689556 0.021178 0.009046
1 0.337293 0.460938 0.038223 0.012336
1 0.298037 0.448191 0.054752 0.024671
1 0.252066 0.446957 0.053719 0.037007
1 0.717975 0.566201 0.021694 0.015625
