0 0.152118 0.555921 0.102789 0.101974
0 0.385847 0.706414 0.034091 0.032895
0 0.386105 0.669819 0.035640 0.025493
0 0.471849 0.659128 0.052169 0.061678
0 0.519628 0.713816 0.024793 0.032895
0 0.554494 0.651316 0.029442 0.037829
0 0.609504 0.696957 0.023760 0.041941
0 0.696023 0.601151 0.062500 0.100329
0 0.820764 0.573191 0.035124 0.060855
0 0.571798 0.217516 0.020661 0.025493
0 0.487345 0.497122 0.047004 0.050164
0 0.485021 0.460938 0.029959 0.027138
0 0.392304 0.460115 0.041839 0.053454
0 0.431560 0.471628 0.049070 0.051809
0 0.348915 0.446957 0.055269 0.046875
0 0.353822 0.415296 0.033058 0.019737
0 0.352789 0.413651 0.033058 0.019737
1 0.192924 0.619243 0.120351 0.149671
1 0.414256 0.723684 0.028926 0.036184
1 0.396694 0.686678 0.042355 0.021382
1 0.564566 0.743832 0.079545 0.043586
1 0.533058 0.708470 0.139463 0.094572
1 0.580579 0.674342 0.045455 0.031250
1 0.689824 0.747122 0.138946 0.101151
1 0.559401 0.543586 0.120868 0.080592
1 0.516529 0.485609 0.037190 0.030428
1 0.462293 0.496711 0.033058 0.016447
1 0.612345 0.225740 0.064566 0.018914
1 0.800620 0.652549 0.157025 0.127467
0 0.669680 0.518503 0.017045 0.033717
1 0.689308 0.529605 0.025310 0.039474
1 0.885072 0.591694 0.089360 0.061678
