0 0.038998 0.556332 0.065599 0.078125
0 0.268079 0.681743 0.016529 0.031250
0 0.361312 0.675987 0.054236 0.065789
0 0.443440 0.658717 0.017045 0.027961
0 0.495093 0.704359 0.025310 0.037007
0 0.589101 0.604441 0.080062 0.085526
0 0.389721 0.506168 0.040806 0.035362
0 0.401860 0.479852 0.029959 0.032072
0 0.307593 0.478618 0.058368 0.060855
0 0.245610 0.454770 0.042872 0.031250
0 0.266529 0.436266 0.033058 0.028783
0 0.343492 0.488076 0.038223 0.050164
0 0.507490 0.230263 0.021178 0.029605
0 0.209969 0.226151 0.013946 0.019737
0 0.715393 0.572368 0.023760 0.039474
0 0.561725 0.523438 0.023244 0.028783
