0 0.139463 0.543997 0.056818 0.084704
0 0.380682 0.667763 0.020661 0.027961
0 0.475465 0.663651 0.054236 0.060855
0 0.523502 0.708882 0.029442 0.029605
0 0.552428 0.646793 0.018079 0.030428
0 0.612345 0.695312 0.024277 0.038651
0 0.486054 0.465049 0.029959 0.027138
0 0.488636 0.493832 0.040289 0.030428
0 0.350207 0.419819 0.024793 0.030428
0 0.395403 0.462993 0.055269 0.057566
0 0.338068 0.448602 0.031508 0.045230
0 0.433110 0.472039 0.032541 0.050987
0 0.814824 0.575247 0.030475 0.058388
0 0.668388 0.520559 0.021694 0.034539
0 0.700671 0.597862 0.068698 0.087171
0 0.573089 0.217928 0.020145 0.029605
0 0.269628 0.213405 0.017562 0.025493
