0 0.135072 0.542763 0.064566 0.069079
0 0.477789 0.668586 0.049587 0.064145
0 0.390238 0.710115 0.034607 0.033717
0 0.371901 0.672286 0.026860 0.035362
0 0.612087 0.696546 0.022727 0.039474
0 0.520661 0.711349 0.036157 0.037829
0 0.552428 0.650493 0.021178 0.034539
0 0.703254 0.595806 0.060434 0.086349
0 0.668905 0.518914 0.019628 0.027961
0 0.818957 0.571546 0.022211 0.037829
0 0.490444 0.495888 0.040806 0.037829
0 0.487345 0.462171 0.021178 0.031250
0 0.455062 0.496711 0.025826 0.019737
0 0.409866 0.466694 0.079029 0.060033
0 0.270403 0.211349 0.020145 0.023026
0 0.342717 0.431743 0.038740 0.052632
0 0.573347 0.218750 0.018595 0.026316
0 0.572314 0.217105 0.018595 0.026316
