0 0.133781 0.546875 0.074380 0.075658
1 0.337293 0.446957 0.037190 0.037007
1 0.270145 0.213405 0.023760 0.022204
1 0.486570 0.493832 0.046488 0.038651
1 0.570764 0.214638 0.019628 0.024671
1 0.666064 0.519737 0.021178 0.031250
1 0.818698 0.564145 0.025826 0.037829
1 0.700671 0.599095 0.071798 0.091283
1 0.654442 0.467928 0.027893 0.013158
1 0.392562 0.457648 0.034091 0.050164
1 0.352789 0.429688 0.026860 0.046875
1 0.167355 0.509868 0.055785 0.098684
1 0.280992 0.199013 0.020661 0.024671
1 0.373450 0.397204 0.030992 0.041118
1 0.397986 0.393914 0.069731 0.092105
1 0.434143 0.416941 0.048037 0.074013
1 0.551136 0.432155 0.075413 0.092928
1 0.583161 0.205181 0.014463 0.023849
1 0.681043 0.436678 0.032541 0.037829
1 0.678461 0.506579 0.010847 0.013158
1 0.725723 0.570312 0.044421 0.068257
1 0.838585 0.549753 0.036674 0.056743
