0 0.035124 0.557566 0.061983 0.078947
0 0.271436 0.722862 0.038740 0.032895
0 0.271436 0.683799 0.018079 0.020559
0 0.360795 0.675164 0.053202 0.057566
0 0.398760 0.730674 0.024793 0.032072
0 0.444473 0.667352 0.029442 0.040296
0 0.493802 0.709293 0.030992 0.043586
0 0.594008 0.609786 0.088843 0.089638
0 0.709194 0.584293 0.037190 0.046875
0 0.505682 0.231086 0.021694 0.029605
0 0.387655 0.511924 0.042872 0.040296
0 0.401860 0.479852 0.030992 0.033717
0 0.254907 0.458470 0.066632 0.063322
0 0.299329 0.471217 0.037707 0.050987
0 0.335744 0.479852 0.048554 0.043586
