0 0.041322 0.554276 0.054752 0.064145
0 0.266787 0.701891 0.049070 0.063322
0 0.364153 0.676398 0.046488 0.061678
0 0.400310 0.721628 0.044421 0.040296
0 0.441374 0.663240 0.021178 0.030428
0 0.495351 0.711349 0.025826 0.044408
0 0.595041 0.603207 0.064050 0.097862
0 0.565599 0.531250 0.020661 0.036184
0 0.715393 0.583882 0.027893 0.044408
0 0.507490 0.230263 0.018079 0.024671
0 0.388946 0.506990 0.050620 0.037007
0 0.399535 0.476151 0.031508 0.026316
0 0.245351 0.458470 0.039256 0.033717
0 0.257490 0.438322 0.037707 0.031250
0 0.311725 0.481497 0.057335 0.063322
0 0.347624 0.484786 0.032025 0.053454
0 0.207645 0.228618 0.023760 0.026316
0 0.273244 0.715872 0.027893 0.028783
