0 0.152118 0.555921 0.102789 0.101974
0 0.385847 0.706414 0.034091 0.032895
0 0.386105 0.669819 0.035640 0.025493
0 0.471849 0.659128 0.052169 0.061678
0 0.519628 0.713816 0.024793 0.032895
0 0.554494 0.651316 0.029442 0.037829
0 0.609504 0.696957 0.023760 0.041941
0 0.696023 0.601151 0.062500 0.100329
0 0.820764 0.573191 0.035124 0.060855
0 0.571798 0.217516 0.020661 0.025493
0 0.487345 0.497122 0.047004 0.050164
0 0.485021 0.460938 0.029959 0.027138
0 0.392304 0.460115 0.041839 0.053454
0 0.431560 0.471628 0.049070 0.051809
0 0.348915 0.446957 0.055269 0.046875
0 0.353822 0.415296 0.033058 0.019737
0 0.352789 0.413651 0.033058 0.019737
0 0.669680 0.518503 0.017045 0.033717
