0 0.139463 0.543997 0.056818 0.084704
0 0.380682 0.667763 0.020661 0.027961
0 0.475465 0.663651 0.054236 0.060855
0 0.523502 0.708882 0.029442 0.029605
0 0.552428 0.646793 0.018079 0.030428
0 0.612345 0.695312 0.024277 0.038651
0 0.486054 0.465049 0.029959 0.027138
0 0.488636 0.493832 0.040289 0.030428
0 0.350207 0.419819 0.024793 0.030428
0 0.395403 0.462993 0.055269 0.057566
0 0.338068 0.448602 0.031508 0.045230
0 0.433110 0.472039 0.032541 0.050987
0 0.814824 0.575247 0.030475 0.058388
0 0.668388 0.520559 0.021694 0.034539
0 0.700671 0.597862 0.068698 0.087171
0 0.573089 0.217928 0.020145 0.029605
0 0.269628 0.213405 0.017562 0.025493
1 0.059917 0.595395 0.118802 0.054276
1 0.336519 0.686678 0.070764 0.047697
1 0.394112 0.708059 0.137397 0.069079
1 0.231921 0.219572 0.064050 0.016447
1 0.539773 0.225329 0.052686 0.016447
1 0.525568 0.667763 0.034607 0.024671
1 0.487087 0.729441 0.055785 0.055921
1 0.561209 0.729852 0.083161 0.043586
1 0.621643 0.655016 0.141012 0.094572
1 0.636622 0.534539 0.055269 0.034539
1 0.777376 0.602796 0.077479 0.070724
1 0.454029 0.511102 0.072314 0.018914
1 0.460486 0.481497 0.023244 0.018914
1 0.335486 0.422286 0.013946 0.012336
