0 0.041322 0.554276 0.054752 0.064145
0 0.266787 0.701891 0.049070 0.063322
0 0.364153 0.676398 0.046488 0.061678
0 0.400310 0.721628 0.044421 0.040296
0 0.441374 0.663240 0.021178 0.030428
0 0.495351 0.711349 0.025826 0.044408
0 0.595041 0.603207 0.064050 0.097862
0 0.565599 0.531250 0.020661 0.036184
0 0.715393 0.583882 0.027893 0.044408
0 0.507490 0.230263 0.018079 0.024671
0 0.388946 0.506990 0.050620 0.037007
0 0.399535 0.476151 0.031508 0.026316
0 0.245351 0.458470 0.039256 0.033717
0 0.257490 0.438322 0.037707 0.031250
0 0.311725 0.481497 0.057335 0.063322
0 0.347624 0.484786 0.032025 0.053454
0 0.207645 0.228618 0.023760 0.026316
1 0.010589 0.549342 0.020145 0.034539
0 0.273244 0.715872 0.027893 0.028783
1 0.239928 0.722451 0.048037 0.028783
1 0.249225 0.682977 0.027376 0.022204
1 0.276860 0.686678 0.169421 0.039474
1 0.363120 0.726974 0.057851 0.027961
1 0.418905 0.665707 0.030992 0.035362
1 0.454545 0.723273 0.074380 0.035362
1 0.175362 0.227796 0.055269 0.024671
1 0.236829 0.433388 0.019112 0.014803
1 0.208419 0.457648 0.034607 0.017270
1 0.288481 0.466283 0.012913 0.034539
1 0.338843 0.510280 0.055785 0.022204
1 0.373192 0.484375 0.025310 0.016447
1 0.522727 0.613487 0.113636 0.082237
1 0.543905 0.532895 0.038223 0.032895
1 0.475465 0.225329 0.059401 0.029605
1 0.675362 0.585938 0.058368 0.035362
