0 0.489153 0.493832 0.039256 0.038651
0 0.386622 0.708059 0.035640 0.034539
0 0.376808 0.661184 0.018079 0.024671
0 0.475723 0.666530 0.053719 0.068257
0 0.521436 0.710526 0.033574 0.041118
0 0.552169 0.653783 0.016529 0.036184
0 0.611312 0.693668 0.021178 0.041941
0 0.669938 0.519326 0.022727 0.037007
0 0.699638 0.619243 0.072831 0.050987
0 0.434659 0.470806 0.042872 0.056743
0 0.397727 0.459293 0.054752 0.046875
0 0.336519 0.439145 0.033574 0.032895
0 0.350723 0.421464 0.024793 0.028783
0 0.487603 0.464227 0.030992 0.025493
0 0.818182 0.567434 0.026860 0.037829
1 0.391787 0.437500 0.036674 0.024671
1 0.333161 0.428454 0.036157 0.013158
1 0.678461 0.597451 0.027376 0.012336
1 0.458936 0.646382 0.025310 0.039474
1 0.600981 0.680921 0.010847 0.026316
1 0.811467 0.555510 0.021694 0.010691
1 0.479855 0.476974 0.030992 0.024671
