0 0.264979 0.498355 0.024793 0.029605
0 0.289773 0.394737 0.055785 0.041118
0 0.351240 0.303043 0.034091 0.025493
0 0.427428 0.263980 0.025310 0.023026
0 0.379390 0.583059 0.052169 0.085526
0 0.447314 0.604852 0.050620 0.060033
0 0.464101 0.447780 0.071798 0.086349
0 0.479597 0.336760 0.062500 0.069901
0 0.489153 0.255345 0.033058 0.028783
0 0.498709 0.241365 0.030475 0.022204
0 0.567149 0.221628 0.055785 0.081414
0 0.529184 0.537829 0.025310 0.047697
0 0.567924 0.513569 0.040806 0.038651
0 0.522211 0.323191 0.018595 0.029605
0 0.575413 0.351974 0.046488 0.060855
0 0.630682 0.468750 0.024793 0.037829
0 0.639721 0.385691 0.081095 0.072368
0 0.659091 0.280016 0.033058 0.020559
0 0.701446 0.285362 0.022727 0.019737
0 0.703771 0.567845 0.030475 0.030428
0 0.697314 0.372944 0.036157 0.048520
0 0.782025 0.330592 0.056818 0.060855
0 0.798554 0.242599 0.083678 0.059211
0 0.808110 0.465461 0.028409 0.034539
0 0.802944 0.611431 0.085227 0.104441
0 0.846849 0.356497 0.040806 0.048520
0 0.883006 0.375000 0.031508 0.046053
0 0.943182 0.566612 0.088843 0.085526
