0 0.213843 0.402138 0.038223 0.023026
0 0.279959 0.319079 0.023760 0.019737
0 0.268853 0.603207 0.053202 0.102796
0 0.334194 0.617599 0.030992 0.062500
0 0.369835 0.462171 0.074380 0.088816
0 0.349174 0.273438 0.013430 0.025493
0 0.424587 0.555510 0.023760 0.051809
0 0.461260 0.522615 0.033058 0.033717
0 0.395661 0.352796 0.060950 0.078947
0 0.421746 0.263569 0.045971 0.045230
0 0.495351 0.228207 0.055785 0.069901
0 0.490702 0.366365 0.043388 0.063322
0 0.439050 0.338816 0.021694 0.031250
0 0.533058 0.478618 0.021694 0.036184
0 0.543388 0.396382 0.060950 0.074013
0 0.592717 0.582237 0.024277 0.032895
0 0.610021 0.380345 0.028926 0.043586
0 0.625775 0.292763 0.029442 0.014803
0 0.586777 0.298520 0.029959 0.036184
0 0.700155 0.344161 0.061467 0.043586
0 0.682335 0.620477 0.066116 0.107730
0 0.836519 0.575247 0.083161 0.079770
0 0.760072 0.365954 0.033574 0.029605
0 0.802944 0.384457 0.043905 0.051809
0 0.728822 0.252467 0.084711 0.059211
0 0.798812 0.293174 0.019112 0.027138
0 0.928202 0.440789 0.016529 0.037829
0 0.710744 0.478618 0.024793 0.027961
0 0.675103 0.411595 0.024793 0.025493
1 0.238895 0.422697 0.055269 0.034539
1 0.358729 0.613487 0.137913 0.082237
1 0.426395 0.668174 0.163740 0.084704
1 0.472366 0.569490 0.071798 0.038651
1 0.511105 0.543586 0.072831 0.032895
1 0.305527 0.319901 0.028409 0.013158
1 0.376550 0.277549 0.035124 0.015625
1 0.451705 0.368010 0.056302 0.033717
1 0.490186 0.340461 0.074380 0.014803
1 0.558110 0.372944 0.091426 0.017270
1 0.698864 0.401727 0.136364 0.025493
1 0.638171 0.420641 0.128616 0.038651
1 0.697572 0.410362 0.034607 0.006579
1 0.462293 0.261513 0.037190 0.029605
1 0.608988 0.258224 0.192149 0.021382
1 0.604597 0.297697 0.019112 0.011513
1 0.653409 0.299342 0.039256 0.013158
1 0.626033 0.591694 0.044421 0.020559
1 0.502066 0.506579 0.215909 0.065789
1 0.585744 0.495066 0.080579 0.034539
1 0.855630 0.691201 0.288740 0.152138
1 0.929752 0.625411 0.140496 0.064967
1 0.786415 0.494655 0.129649 0.048520
1 0.864928 0.394737 0.100723 0.031250
1 0.963585 0.445312 0.055269 0.022204
1 0.792097 0.360609 0.166839 0.017270
1 0.847107 0.380757 0.098140 0.032895
1 0.876033 0.400082 0.139463 0.035362
1 0.827996 0.263158 0.128099 0.018092
1 0.825413 0.299753 0.050620 0.025493
