0 0.378357 0.580592 0.062500 0.103618
0 0.285124 0.396793 0.038223 0.038651
0 0.356663 0.301398 0.018079 0.027138
0 0.447572 0.602796 0.042872 0.059211
0 0.528667 0.535773 0.019112 0.041941
0 0.569731 0.511924 0.035124 0.033717
0 0.463843 0.446546 0.072314 0.088816
0 0.480888 0.337171 0.061983 0.074013
0 0.519370 0.321957 0.024277 0.032072
0 0.490702 0.247122 0.046488 0.046875
0 0.574897 0.351974 0.037190 0.065789
0 0.566116 0.219572 0.059917 0.067434
0 0.630165 0.462582 0.021694 0.030428
0 0.632748 0.384457 0.054752 0.073191
0 0.658574 0.277549 0.023760 0.023849
0 0.701188 0.281661 0.018079 0.018914
0 0.698089 0.370888 0.027376 0.037829
0 0.780475 0.328947 0.057851 0.055921
0 0.797004 0.242599 0.076446 0.062500
0 0.845558 0.351562 0.042355 0.035362
0 0.879649 0.375822 0.036157 0.052632
0 0.808110 0.463405 0.025310 0.035362
0 0.702479 0.568668 0.020661 0.033717
0 0.792097 0.602385 0.065599 0.101151
0 0.948347 0.565378 0.096074 0.086349
0 0.872159 0.285362 0.024277 0.024671
0 0.756198 0.395148 0.018595 0.022204
0 0.426653 0.261924 0.029959 0.022204
1 0.328254 0.407484 0.066632 0.040296
1 0.387138 0.308799 0.040806 0.025493
1 0.450413 0.263569 0.036157 0.015625
1 0.405217 0.605263 0.061467 0.080592
1 0.543647 0.649671 0.165806 0.123355
1 0.527893 0.250822 0.055785 0.029605
1 0.576446 0.558799 0.073347 0.032072
1 0.618027 0.532895 0.069731 0.031250
1 0.595816 0.497533 0.233988 0.065789
1 0.681302 0.478207 0.074380 0.023849
1 0.533058 0.359375 0.073347 0.039474
1 0.545713 0.333882 0.036674 0.018092
1 0.640754 0.365543 0.095558 0.027138
1 0.751033 0.408306 0.170455 0.033717
1 0.735279 0.380757 0.058368 0.016447
1 0.796488 0.397204 0.051653 0.026316
1 0.672262 0.250000 0.180269 0.032895
1 0.685434 0.285773 0.026860 0.013980
1 0.730372 0.289474 0.043388 0.019737
1 0.733729 0.577303 0.037707 0.024671
1 0.854081 0.341694 0.108988 0.020559
1 0.904959 0.362253 0.091942 0.020559
1 0.948089 0.387747 0.103822 0.032072
1 0.897211 0.250000 0.146694 0.024671
1 0.899535 0.290707 0.034607 0.017270
1 0.884039 0.486842 0.135847 0.057566
1 0.908316 0.671464 0.183368 0.132401
1 0.984246 0.602385 0.031508 0.051809
