0 0.375775 0.588405 0.057335 0.087993
0 0.285124 0.396793 0.038223 0.038651
0 0.345300 0.309211 0.032541 0.021382
0 0.447572 0.602796 0.042872 0.059211
0 0.528667 0.535773 0.019112 0.041941
0 0.569731 0.511924 0.035124 0.033717
0 0.463843 0.446546 0.072314 0.088816
0 0.480888 0.337171 0.061983 0.074013
0 0.519370 0.321957 0.024277 0.032072
0 0.493802 0.243421 0.040289 0.039474
0 0.574897 0.351974 0.037190 0.065789
0 0.566116 0.219572 0.059917 0.067434
0 0.629907 0.467516 0.026343 0.046875
0 0.632748 0.384457 0.054752 0.073191
0 0.658574 0.277549 0.023760 0.023849
0 0.701188 0.281661 0.018079 0.018914
0 0.698089 0.370888 0.027376 0.037829
0 0.779442 0.334293 0.055785 0.045230
0 0.799070 0.239720 0.072314 0.056743
0 0.846591 0.354030 0.040289 0.040296
0 0.879649 0.375822 0.036157 0.052632
0 0.808110 0.463405 0.025310 0.035362
0 0.702479 0.568668 0.020661 0.033717
0 0.796229 0.603618 0.057335 0.103618
0 0.948347 0.565378 0.096074 0.086349
0 0.872159 0.285362 0.024277 0.024671
0 0.756198 0.395148 0.018595 0.022204
0 0.426653 0.261924 0.029959 0.022204
