0 0.264979 0.498355 0.024793 0.029605
0 0.287707 0.398438 0.051653 0.038651
0 0.351240 0.303043 0.034091 0.025493
0 0.427428 0.263980 0.025310 0.023026
0 0.379390 0.583059 0.052169 0.085526
0 0.449380 0.605263 0.046488 0.060855
0 0.464101 0.447780 0.071798 0.086349
0 0.479597 0.336760 0.062500 0.069901
0 0.489153 0.255345 0.033058 0.028783
0 0.498709 0.241365 0.030475 0.022204
0 0.567149 0.221628 0.055785 0.081414
0 0.529184 0.537829 0.025310 0.047697
0 0.567924 0.513569 0.040806 0.038651
0 0.522211 0.323191 0.018595 0.029605
0 0.575413 0.351974 0.046488 0.060855
0 0.630682 0.468750 0.024793 0.037829
0 0.643595 0.384868 0.073347 0.070724
0 0.659091 0.280016 0.033058 0.020559
0 0.701446 0.285362 0.022727 0.019737
0 0.703771 0.567845 0.030475 0.030428
0 0.697314 0.372944 0.036157 0.048520
0 0.782025 0.330592 0.056818 0.060855
0 0.801136 0.240954 0.078512 0.055921
0 0.808110 0.465461 0.028409 0.034539
0 0.806043 0.610609 0.079029 0.102796
0 0.848657 0.361431 0.037190 0.038651
0 0.883006 0.375000 0.031508 0.046053
0 0.946539 0.566612 0.082128 0.085526
1 0.270919 0.483141 0.019112 0.033717
1 0.297779 0.372944 0.056302 0.023849
1 0.355630 0.292352 0.037707 0.018914
1 0.431560 0.251234 0.021178 0.023849
1 0.392820 0.526316 0.050103 0.110197
1 0.461002 0.558799 0.060434 0.086349
1 0.477273 0.401316 0.081612 0.100329
1 0.495610 0.293174 0.050103 0.071546
1 0.526085 0.299342 0.025310 0.027961
1 0.498450 0.244655 0.032025 0.030428
1 0.502066 0.229852 0.033058 0.027138
1 0.536674 0.516447 0.015496 0.078947
1 0.577738 0.488898 0.037707 0.071546
1 0.582645 0.320312 0.054752 0.091283
1 0.578512 0.194079 0.054752 0.110197
1 0.662190 0.263569 0.032025 0.033717
1 0.708678 0.276316 0.026860 0.036184
1 0.642304 0.451891 0.036674 0.055099
1 0.645919 0.339638 0.068698 0.082237
1 0.706612 0.347862 0.036157 0.074013
1 0.705579 0.550576 0.023760 0.051809
1 0.816890 0.553043 0.096591 0.173520
1 0.813275 0.446135 0.027376 0.038651
1 0.805010 0.207648 0.085227 0.063322
1 0.785382 0.294819 0.065599 0.056743
1 0.847882 0.326480 0.052169 0.046053
1 0.890496 0.344161 0.034091 0.073191
1 0.951705 0.509046 0.096591 0.074013
