0 0.383781 0.581826 0.047521 0.096217
0 0.259298 0.499178 0.039256 0.032895
0 0.288481 0.397204 0.047004 0.032895
0 0.468233 0.449424 0.072831 0.078125
0 0.448864 0.608141 0.039256 0.060033
0 0.360537 0.305510 0.012397 0.018914
0 0.479339 0.339227 0.060950 0.079770
0 0.525826 0.317845 0.042355 0.033717
0 0.494318 0.246711 0.044421 0.039474
0 0.568440 0.223273 0.051136 0.084704
0 0.528151 0.537007 0.024277 0.042763
0 0.568440 0.506168 0.031508 0.030428
0 0.643337 0.383224 0.081095 0.074013
0 0.576446 0.345395 0.030992 0.049342
0 0.658316 0.278372 0.022211 0.018914
0 0.698347 0.375411 0.029959 0.055099
0 0.701705 0.282895 0.018079 0.016447
0 0.632748 0.468750 0.026860 0.042763
0 0.700671 0.568668 0.023244 0.023849
0 0.809659 0.609375 0.073864 0.118421
0 0.782025 0.330181 0.051653 0.056743
0 0.800878 0.243010 0.079029 0.051809
0 0.848657 0.356908 0.035124 0.044408
0 0.886105 0.376234 0.026343 0.051809
0 0.808626 0.465872 0.025310 0.037007
0 0.947831 0.564556 0.081612 0.092928
0 0.417097 0.259046 0.034607 0.034539
0 0.982180 0.459704 0.018079 0.019737
