0 0.270403 0.596628 0.047004 0.089638
0 0.166839 0.512747 0.028926 0.035362
0 0.204545 0.408306 0.054752 0.046875
0 0.281250 0.318257 0.019112 0.021382
0 0.352014 0.274671 0.025310 0.019737
0 0.333419 0.615543 0.043905 0.060033
0 0.368802 0.462171 0.074380 0.077303
0 0.422521 0.550164 0.020661 0.037829
0 0.465134 0.523026 0.032541 0.039474
0 0.593233 0.581414 0.018079 0.026316
0 0.524277 0.481497 0.048554 0.041941
0 0.555527 0.395970 0.081095 0.073191
0 0.396178 0.353618 0.059917 0.072368
0 0.442407 0.334704 0.026343 0.036184
0 0.423037 0.261513 0.040289 0.039474
0 0.494835 0.238898 0.054752 0.079770
0 0.492769 0.361020 0.041322 0.059211
0 0.610021 0.384046 0.027893 0.054276
0 0.691632 0.622533 0.078512 0.111842
0 0.709969 0.475329 0.017045 0.031250
0 0.697314 0.340461 0.054752 0.052632
0 0.580837 0.291118 0.025310 0.023026
0 0.625517 0.293586 0.014463 0.024671
0 0.727014 0.254523 0.077996 0.048520
0 0.765238 0.368010 0.031508 0.040296
0 0.797779 0.388158 0.036674 0.055921
0 0.842717 0.577714 0.080062 0.084704
0 0.932076 0.447368 0.031508 0.034539
1 0.156250 0.523849 0.029442 0.019737
1 0.173037 0.451891 0.089876 0.073191
1 0.269628 0.332648 0.048554 0.012336
1 0.212552 0.711349 0.102789 0.180921
1 0.307335 0.740132 0.069215 0.217105
1 0.342459 0.559211 0.095041 0.154605
1 0.419680 0.587993 0.039773 0.059211
1 0.459969 0.573191 0.042872 0.052632
1 0.348399 0.283306 0.024277 0.020559
1 0.366477 0.418174 0.098657 0.107730
1 0.418388 0.291118 0.051653 0.024671
1 0.483213 0.425164 0.052169 0.075658
1 0.464360 0.333882 0.030992 0.042763
1 0.491994 0.300164 0.072831 0.055921
1 0.532025 0.521793 0.057851 0.037007
1 0.561467 0.450658 0.089876 0.050987
1 0.612603 0.438734 0.038223 0.056743
1 0.706870 0.789474 0.123450 0.243421
1 0.593233 0.609375 0.020145 0.029605
1 0.729081 0.512336 0.038740 0.047697
1 0.581870 0.307566 0.029442 0.023026
1 0.629649 0.313734 0.016529 0.020559
1 0.743027 0.298931 0.092459 0.051809
1 0.710744 0.402961 0.080579 0.077303
1 0.813275 0.407484 0.070764 0.058388
1 0.887138 0.697368 0.162707 0.179276
1 0.957128 0.479441 0.048554 0.046053
1 0.801911 0.428043 0.102789 0.079770
