0 0.270403 0.596628 0.047004 0.089638
0 0.166839 0.512747 0.028926 0.035362
0 0.205320 0.406661 0.072831 0.046875
0 0.276860 0.315378 0.027893 0.027138
0 0.352014 0.274671 0.025310 0.019737
0 0.333419 0.615543 0.043905 0.060033
0 0.368802 0.462171 0.074380 0.077303
0 0.422521 0.550164 0.020661 0.037829
0 0.465134 0.523026 0.032541 0.039474
0 0.593233 0.581414 0.018079 0.026316
0 0.524277 0.481497 0.048554 0.041941
0 0.555527 0.395970 0.081095 0.073191
0 0.395145 0.348273 0.061983 0.083059
0 0.442407 0.334704 0.026343 0.036184
0 0.423037 0.261513 0.040289 0.039474
0 0.494835 0.238898 0.054752 0.079770
0 0.487345 0.358141 0.052169 0.053454
0 0.610021 0.383224 0.039256 0.050987
0 0.685692 0.618421 0.090393 0.103618
0 0.709969 0.475329 0.017045 0.031250
0 0.697314 0.340461 0.054752 0.052632
0 0.580837 0.291118 0.025310 0.023026
0 0.625517 0.293586 0.014463 0.024671
0 0.730372 0.252467 0.084711 0.052632
0 0.765238 0.368010 0.031508 0.040296
0 0.797779 0.388158 0.036674 0.055921
0 0.840393 0.578125 0.084711 0.083882
0 0.932076 0.447368 0.031508 0.034539
