0 0.270403 0.596628 0.047004 0.089638
0 0.166839 0.512747 0.028926 0.035362
0 0.204545 0.408306 0.054752 0.046875
0 0.281250 0.318257 0.019112 0.021382
0 0.352014 0.274671 0.025310 0.019737
0 0.333419 0.615543 0.043905 0.060033
0 0.368802 0.462171 0.074380 0.077303
0 0.422521 0.550164 0.020661 0.037829
0 0.465134 0.523026 0.032541 0.039474
0 0.593233 0.581414 0.018079 0.026316
0 0.536415 0.482730 0.024277 0.044408
0 0.555527 0.395970 0.081095 0.073191
0 0.396178 0.353618 0.059917 0.072368
0 0.442407 0.334704 0.026343 0.036184
0 0.423037 0.261513 0.040289 0.039474
0 0.494835 0.238898 0.054752 0.079770
0 0.492769 0.361020 0.041322 0.059211
0 0.610021 0.384046 0.027893 0.054276
0 0.691632 0.622533 0.078512 0.111842
0 0.709969 0.475329 0.017045 0.031250
0 0.697314 0.340461 0.054752 0.052632
0 0.580837 0.291118 0.025310 0.023026
0 0.625517 0.293586 0.014463 0.024671
0 0.727014 0.254523 0.077996 0.048520
0 0.765238 0.368010 0.031508 0.040296
0 0.797779 0.388158 0.036674 0.055921
0 0.842717 0.577714 0.080062 0.084704
0 0.932076 0.447368 0.031508 0.034539
1 0.150826 0.498355 0.035124 0.037829
1 0.188791 0.394737 0.056302 0.041118
1 0.225723 0.562911 0.090909 0.143914
1 0.311725 0.604441 0.050103 0.059211
1 0.325413 0.423931 0.087810 0.125822
1 0.270919 0.310033 0.034607 0.018092
1 0.354081 0.313322 0.076963 0.095395
1 0.347366 0.263158 0.033574 0.009868
1 0.409349 0.246299 0.025310 0.033717
1 0.447056 0.206003 0.070764 0.096217
1 0.424070 0.320724 0.030992 0.031250
1 0.458419 0.338405 0.051136 0.084704
1 0.513688 0.361842 0.062500 0.080592
1 0.576963 0.358553 0.052686 0.067434
1 0.400826 0.527961 0.030992 0.044408
1 0.436209 0.503701 0.048037 0.045230
1 0.519370 0.469984 0.041839 0.056743
1 0.580579 0.567434 0.027893 0.031250
1 0.620868 0.566201 0.110537 0.155428
1 0.569473 0.276316 0.020145 0.026316
1 0.617769 0.283306 0.024793 0.020559
1 0.657025 0.308799 0.065083 0.071546
1 0.701963 0.225329 0.066116 0.065789
1 0.748709 0.347451 0.045971 0.041941
1 0.775568 0.359375 0.030475 0.047697
1 0.692149 0.457648 0.022727 0.041941
1 0.808110 0.537418 0.069731 0.084704
1 0.919421 0.433799 0.018595 0.030428
