0 0.270403 0.596628 0.047004 0.089638
0 0.166839 0.512747 0.028926 0.035362
0 0.204545 0.408306 0.054752 0.046875
0 0.281250 0.318257 0.019112 0.021382
0 0.352014 0.274671 0.025310 0.019737
0 0.333419 0.615543 0.043905 0.060033
0 0.368802 0.462171 0.074380 0.077303
0 0.422521 0.550164 0.020661 0.037829
0 0.465134 0.523026 0.032541 0.039474
0 0.593233 0.581414 0.018079 0.026316
0 0.536415 0.482730 0.024277 0.044408
0 0.555527 0.395970 0.081095 0.073191
0 0.396178 0.353618 0.059917 0.072368
0 0.442407 0.334704 0.026343 0.036184
0 0.423037 0.261513 0.040289 0.039474
0 0.494835 0.238898 0.054752 0.079770
0 0.492769 0.361020 0.041322 0.059211
0 0.610021 0.384046 0.027893 0.054276
0 0.691632 0.625000 0.078512 0.106908
0 0.709969 0.475329 0.017045 0.031250
0 0.697314 0.340461 0.054752 0.052632
0 0.580837 0.291118 0.025310 0.023026
0 0.625517 0.293586 0.014463 0.024671
0 0.727014 0.254523 0.077996 0.048520
0 0.765238 0.368010 0.031508 0.040296
0 0.797779 0.388158 0.036674 0.055921
0 0.842717 0.577714 0.080062 0.084704
0 0.932076 0.447368 0.031508 0.034539
