0 0.168388 0.515625 0.029959 0.032895
0 0.205320 0.414474 0.055269 0.039474
0 0.280733 0.323191 0.014979 0.021382
0 0.416581 0.268503 0.037707 0.033717
0 0.433626 0.253289 0.036674 0.027961
0 0.267304 0.594572 0.065599 0.085526
0 0.331612 0.619655 0.046488 0.056743
0 0.368027 0.462993 0.084194 0.082237
0 0.422004 0.550576 0.024793 0.037007
0 0.462293 0.523849 0.041322 0.021382
0 0.392045 0.357319 0.074380 0.084704
0 0.436983 0.337582 0.021694 0.027138
0 0.490186 0.365132 0.049587 0.060855
0 0.495351 0.239309 0.056818 0.082237
0 0.552428 0.394326 0.087293 0.063322
0 0.533058 0.486431 0.019628 0.038651
0 0.594267 0.581003 0.026343 0.020559
0 0.687242 0.627056 0.092459 0.112664
0 0.611054 0.389803 0.037190 0.052632
0 0.582645 0.292352 0.026860 0.017270
0 0.625775 0.297697 0.027376 0.019737
0 0.696798 0.345806 0.064050 0.053454
0 0.713068 0.480263 0.030475 0.031250
0 0.760331 0.370477 0.039256 0.033717
0 0.795455 0.388569 0.036157 0.050164
0 0.838843 0.580181 0.089876 0.074836
0 0.930269 0.451480 0.022727 0.031250
0 0.732696 0.254934 0.095558 0.052632
1 0.287190 0.564556 0.025826 0.033717
1 0.345558 0.597862 0.036157 0.029605
1 0.385331 0.427220 0.067149 0.040296
1 0.405217 0.319901 0.038740 0.024671
1 0.681302 0.583470 0.090909 0.076480
1 0.495868 0.337993 0.035124 0.023026
1 0.509298 0.205181 0.040289 0.040296
1 0.843233 0.544819 0.089360 0.028783
