0 0.383781 0.581826 0.047521 0.096217
0 0.259298 0.499178 0.039256 0.032895
0 0.288481 0.397204 0.047004 0.032895
0 0.468233 0.449424 0.072831 0.078125
0 0.448864 0.608141 0.039256 0.060033
0 0.360537 0.305510 0.012397 0.018914
0 0.479339 0.339227 0.060950 0.079770
0 0.525826 0.317845 0.042355 0.033717
0 0.494318 0.246711 0.044421 0.039474
0 0.568440 0.223273 0.051136 0.084704
0 0.528151 0.537007 0.024277 0.042763
0 0.564566 0.506168 0.040289 0.030428
0 0.643337 0.383224 0.081095 0.074013
0 0.570764 0.343750 0.042355 0.046053
0 0.658316 0.278372 0.022211 0.018914
0 0.698347 0.375411 0.029959 0.055099
0 0.701705 0.282895 0.018079 0.016447
0 0.632748 0.468750 0.026860 0.042763
0 0.700671 0.568668 0.023244 0.023849
0 0.809659 0.609375 0.104855 0.118421
0 0.782025 0.330181 0.051653 0.056743
0 0.800878 0.243010 0.079029 0.051809
0 0.848657 0.356908 0.035124 0.044408
0 0.880165 0.366776 0.032025 0.070724
0 0.808626 0.465872 0.025310 0.037007
0 0.947572 0.567845 0.082128 0.086349
0 0.417097 0.259046 0.034607 0.034539
0 0.982180 0.459704 0.018079 0.019737
1 0.328771 0.701069 0.094525 0.211349
1 0.427169 0.692023 0.055785 0.147204
1 0.246901 0.524671 0.039256 0.044408
1 0.267820 0.442845 0.088326 0.083059
1 0.349948 0.322368 0.034607 0.027961
1 0.421488 0.270970 0.020661 0.017270
1 0.524793 0.578947 0.032025 0.057566
1 0.561725 0.557155 0.041839 0.068257
1 0.460486 0.412007 0.099690 0.105263
1 0.491219 0.272204 0.047521 0.029605
1 0.520145 0.337171 0.020661 0.024671
1 0.558110 0.300987 0.058368 0.064145
1 0.568182 0.405428 0.052686 0.082237
1 0.706612 0.593750 0.021694 0.029605
1 0.638430 0.504934 0.036157 0.036184
1 0.645145 0.478207 0.084711 0.107730
1 0.706353 0.428865 0.045971 0.068257
1 0.661932 0.297286 0.026343 0.023849
1 0.703771 0.300987 0.026343 0.024671
1 0.798812 0.395148 0.076963 0.086349
1 0.815083 0.287007 0.085744 0.046053
1 0.850465 0.387747 0.034607 0.038651
1 0.906250 0.425164 0.051136 0.082237
1 0.825930 0.513569 0.045455 0.061678
1 0.833161 0.767270 0.132231 0.226974
1 0.959452 0.650905 0.081095 0.104441
1 0.988120 0.486842 0.023760 0.034539
1 0.449638 0.544408 0.070764 0.128289
