0 0.383781 0.581826 0.047521 0.096217
0 0.259298 0.499178 0.039256 0.032895
0 0.288481 0.397204 0.047004 0.032895
0 0.468233 0.449424 0.072831 0.078125
0 0.448864 0.608141 0.039256 0.060033
0 0.360537 0.305510 0.012397 0.018914
0 0.479339 0.339227 0.060950 0.079770
0 0.525826 0.317845 0.042355 0.033717
0 0.494318 0.246711 0.044421 0.039474
0 0.568440 0.223273 0.051136 0.084704
0 0.528151 0.537007 0.024277 0.042763
0 0.568440 0.506168 0.031508 0.030428
0 0.643337 0.383224 0.081095 0.074013
0 0.576446 0.345395 0.030992 0.049342
0 0.658316 0.278372 0.022211 0.018914
0 0.698347 0.375411 0.029959 0.055099
0 0.701705 0.282895 0.018079 0.016447
0 0.632748 0.468750 0.026860 0.042763
0 0.700671 0.568668 0.023244 0.023849
0 0.809659 0.609375 0.073864 0.118421
0 0.782025 0.330181 0.051653 0.056743
0 0.800878 0.243010 0.079029 0.051809
0 0.848657 0.356908 0.035124 0.044408
0 0.886105 0.376234 0.026343 0.051809
0 0.808626 0.465872 0.025310 0.037007
0 0.947831 0.564556 0.081612 0.092928
0 0.417097 0.259046 0.034607 0.034539
0 0.982180 0.459704 0.018079 0.019737
1 0.250775 0.486431 0.036674 0.037007
1 0.272727 0.378289 0.050620 0.047697
1 0.413481 0.595395 0.031508 0.070724
1 0.413998 0.412007 0.095558 0.128289
1 0.350465 0.292763 0.026343 0.024671
1 0.428719 0.306743 0.081612 0.087171
1 0.411415 0.250000 0.023244 0.024671
1 0.478306 0.232730 0.030992 0.032895
1 0.516787 0.196135 0.081095 0.107730
1 0.503357 0.308799 0.023244 0.025493
1 0.544421 0.327714 0.051653 0.064967
1 0.576188 0.344984 0.098657 0.106086
1 0.657800 0.343750 0.057335 0.062500
1 0.643079 0.265214 0.026860 0.028783
1 0.687500 0.273026 0.022727 0.027961
1 0.740186 0.299753 0.071281 0.086349
1 0.769628 0.213405 0.060950 0.069901
1 0.506715 0.525493 0.035124 0.059211
1 0.533833 0.491365 0.045971 0.050164
1 0.607696 0.453947 0.038740 0.055921
1 0.689824 0.554276 0.035640 0.032895
1 0.726756 0.555510 0.122934 0.166941
1 0.787448 0.444490 0.030475 0.038651
1 0.827996 0.332648 0.042355 0.048520
1 0.855114 0.345395 0.029442 0.034539
1 0.908833 0.525493 0.051136 0.087171
1 0.973657 0.451480 0.026860 0.023026
1 0.329029 0.545641 0.109504 0.125822
