0 0.213843 0.402138 0.038223 0.023026
0 0.279959 0.319079 0.023760 0.019737
0 0.268853 0.603207 0.053202 0.102796
0 0.334194 0.617599 0.030992 0.062500
0 0.369835 0.462171 0.074380 0.088816
0 0.349174 0.273438 0.013430 0.025493
0 0.424587 0.555510 0.023760 0.051809
0 0.461260 0.522615 0.033058 0.033717
0 0.395661 0.352796 0.060950 0.078947
0 0.421746 0.263569 0.045971 0.045230
0 0.495351 0.228207 0.055785 0.069901
0 0.490702 0.366365 0.043388 0.063322
0 0.439050 0.338816 0.021694 0.031250
0 0.533058 0.478618 0.021694 0.036184
0 0.543388 0.396382 0.060950 0.074013
0 0.592717 0.582237 0.024277 0.032895
0 0.610021 0.380345 0.028926 0.043586
0 0.625775 0.292763 0.029442 0.014803
0 0.586777 0.298520 0.029959 0.036184
0 0.700155 0.344161 0.061467 0.043586
0 0.682335 0.620477 0.066116 0.107730
0 0.836519 0.575247 0.083161 0.079770
0 0.760072 0.365954 0.033574 0.029605
0 0.802944 0.384457 0.043905 0.051809
0 0.728822 0.252467 0.084711 0.059211
0 0.798812 0.293174 0.019112 0.027138
0 0.928202 0.440789 0.016529 0.037829
0 0.710744 0.478618 0.024793 0.027961
0 0.675103 0.411595 0.024793 0.025493
