0 0.163740 0.513569 0.030992 0.033717
0 0.214101 0.411184 0.065599 0.036184
0 0.282800 0.319901 0.028409 0.023026
0 0.349432 0.275493 0.023244 0.024671
0 0.425878 0.258224 0.048037 0.036184
0 0.275052 0.594572 0.042872 0.085526
0 0.333419 0.621711 0.033574 0.057566
0 0.368802 0.462582 0.074380 0.091283
0 0.394628 0.351151 0.063017 0.072368
0 0.438791 0.340461 0.034607 0.029605
0 0.496126 0.238076 0.055269 0.078125
0 0.423037 0.552220 0.020661 0.035362
0 0.462810 0.523026 0.034091 0.031250
0 0.540031 0.483141 0.047004 0.043586
0 0.490444 0.358141 0.033574 0.056743
0 0.555269 0.390214 0.088843 0.061678
0 0.608729 0.388980 0.036674 0.057566
0 0.583936 0.291530 0.028409 0.018914
0 0.630682 0.295641 0.028926 0.017270
0 0.597366 0.582237 0.027376 0.026316
0 0.685950 0.616776 0.082645 0.097039
0 0.709969 0.476974 0.027376 0.031250
0 0.697572 0.338405 0.060434 0.046875
0 0.729597 0.254112 0.082128 0.055921
0 0.796488 0.382401 0.037190 0.046053
0 0.761364 0.368421 0.033058 0.034539
0 0.839360 0.574836 0.094008 0.078947
0 0.935176 0.448191 0.042872 0.031250
