0 0.266529 0.495888 0.021694 0.034539
0 0.292355 0.400493 0.051653 0.041118
0 0.356663 0.309211 0.038740 0.024671
0 0.381973 0.585938 0.050103 0.084704
0 0.465909 0.447780 0.083678 0.078125
0 0.445248 0.607730 0.052686 0.059211
0 0.530992 0.539885 0.025826 0.043586
0 0.566890 0.513569 0.031508 0.035362
0 0.477531 0.341694 0.064566 0.074836
0 0.495868 0.254523 0.050620 0.045230
0 0.567665 0.227796 0.061983 0.083882
0 0.575413 0.351562 0.048554 0.060033
0 0.521694 0.323602 0.022727 0.025493
0 0.633006 0.469572 0.029442 0.029605
0 0.643337 0.382401 0.086260 0.064145
0 0.699638 0.379112 0.029442 0.052632
0 0.659607 0.280428 0.026860 0.021382
0 0.705062 0.566612 0.026860 0.024671
0 0.802428 0.610197 0.090393 0.110197
0 0.809659 0.469161 0.022211 0.033717
0 0.700413 0.284951 0.018595 0.017270
0 0.784607 0.331003 0.056818 0.045230
0 0.882490 0.373355 0.037707 0.039474
0 0.845816 0.356086 0.035640 0.036184
0 0.946023 0.564145 0.088326 0.070724
1 0.374742 0.535773 0.056302 0.010691
1 0.303202 0.376645 0.039256 0.013158
1 0.456870 0.428454 0.054236 0.060855
1 0.480888 0.309622 0.070248 0.023849
1 0.623967 0.356908 0.056818 0.044408
1 0.576446 0.317023 0.056818 0.030428
1 0.779184 0.578536 0.038740 0.061678
1 0.941374 0.536595 0.091426 0.038651
1 0.691116 0.361431 0.021694 0.030428
