0 0.168905 0.510280 0.020661 0.033717
0 0.208936 0.413240 0.065599 0.050164
0 0.280992 0.319079 0.021694 0.013158
0 0.351240 0.276316 0.020661 0.018092
0 0.266529 0.603207 0.057851 0.096217
0 0.334194 0.615543 0.047521 0.064967
0 0.364928 0.462993 0.075930 0.088816
0 0.395661 0.349507 0.069215 0.069079
0 0.438017 0.331826 0.019628 0.027138
0 0.415031 0.263158 0.033574 0.031250
0 0.435176 0.254523 0.026343 0.028783
0 0.417614 0.548109 0.029442 0.037007
0 0.464101 0.524260 0.042872 0.030428
0 0.490444 0.361431 0.042872 0.053454
0 0.491994 0.235197 0.062500 0.083882
0 0.533316 0.480263 0.032541 0.041118
0 0.552169 0.399671 0.086777 0.074013
0 0.610021 0.389391 0.035124 0.050164
0 0.583678 0.291118 0.025826 0.023026
0 0.626291 0.298520 0.025310 0.019737
0 0.595041 0.580181 0.029959 0.022204
0 0.691116 0.618010 0.088843 0.099507
0 0.697572 0.340872 0.056302 0.050164
0 0.728822 0.254112 0.080579 0.055921
0 0.764979 0.369243 0.039256 0.046053
0 0.796746 0.388569 0.035640 0.051809
0 0.839876 0.582648 0.081612 0.086349
0 0.714101 0.479852 0.030475 0.033717
0 0.930269 0.445724 0.022727 0.031250
