0 0.383781 0.581826 0.047521 0.096217
0 0.259298 0.499178 0.039256 0.032895
0 0.288481 0.397204 0.047004 0.032895
0 0.468233 0.449424 0.072831 0.078125
0 0.448864 0.608141 0.039256 0.060033
0 0.360537 0.305510 0.012397 0.018914
0 0.479339 0.339227 0.060950 0.079770
0 0.525826 0.317845 0.042355 0.033717
0 0.494318 0.246711 0.044421 0.039474
0 0.568440 0.223273 0.051136 0.084704
0 0.528151 0.537007 0.024277 0.042763
0 0.568440 0.506168 0.031508 0.030428
0 0.643337 0.383224 0.081095 0.074013
0 0.576446 0.345395 0.030992 0.049342
0 0.658316 0.278372 0.022211 0.018914
0 0.698347 0.375411 0.029959 0.055099
0 0.701705 0.282895 0.018079 0.016447
0 0.632748 0.468750 0.026860 0.042763
0 0.700671 0.568668 0.023244 0.023849
0 0.809659 0.609375 0.073864 0.118421
0 0.782025 0.330181 0.051653 0.056743
0 0.800878 0.243010 0.079029 0.051809
0 0.848657 0.356908 0.035124 0.044408
0 0.886105 0.376234 0.026343 0.051809
0 0.808626 0.465872 0.025310 0.037007
0 0.947831 0.564556 0.081612 0.092928
0 0.417097 0.259046 0.034607 0.034539
0 0.982180 0.459704 0.018079 0.019737
1 0.248450 0.488487 0.030992 0.042763
1 0.273502 0.376234 0.055269 0.043586
1 0.345041 0.297697 0.040289 0.024671
1 0.327738 0.542352 0.110021 0.145559
1 0.419680 0.590461 0.033574 0.069079
1 0.408574 0.408306 0.103306 0.117599
1 0.504132 0.524671 0.042355 0.054276
1 0.537190 0.491776 0.052686 0.060855
1 0.412965 0.249178 0.022211 0.031250
1 0.426653 0.302220 0.076446 0.081414
1 0.474432 0.235609 0.042872 0.041941
1 0.515238 0.194079 0.083161 0.116776
1 0.503357 0.307155 0.026343 0.032072
1 0.541839 0.323602 0.057851 0.081414
1 0.589876 0.348273 0.057851 0.084704
1 0.645403 0.264391 0.025310 0.023849
1 0.607696 0.454359 0.040806 0.055099
1 0.652376 0.341694 0.063017 0.064967
1 0.685434 0.272615 0.027893 0.027138
1 0.688017 0.555099 0.035124 0.034539
1 0.724174 0.559622 0.120868 0.163651
1 0.783058 0.442023 0.037190 0.050164
1 0.733471 0.294819 0.070248 0.081414
1 0.767045 0.217105 0.063017 0.067434
1 0.825930 0.335938 0.042355 0.045230
1 0.851498 0.346217 0.040806 0.055921
1 0.908833 0.528783 0.057335 0.083882
1 0.969267 0.452714 0.028409 0.023849
