0 0.163740 0.513569 0.030992 0.033717
0 0.214101 0.411184 0.065599 0.036184
0 0.282800 0.319901 0.028409 0.023026
0 0.349432 0.275493 0.023244 0.024671
0 0.425878 0.258224 0.048037 0.036184
0 0.275052 0.594572 0.042872 0.085526
0 0.333419 0.621711 0.033574 0.057566
0 0.368802 0.462582 0.074380 0.091283
0 0.394628 0.351151 0.063017 0.072368
0 0.438791 0.340461 0.034607 0.029605
0 0.496126 0.238076 0.055269 0.078125
0 0.423037 0.552220 0.020661 0.035362
0 0.462810 0.523026 0.034091 0.031250
0 0.540031 0.483141 0.047004 0.043586
0 0.490444 0.358141 0.033574 0.056743
0 0.555269 0.390214 0.088843 0.061678
0 0.608729 0.388980 0.036674 0.057566
0 0.583936 0.291530 0.028409 0.018914
0 0.630682 0.295641 0.028926 0.017270
0 0.597366 0.582237 0.027376 0.026316
0 0.685950 0.616776 0.082645 0.097039
0 0.709969 0.476974 0.027376 0.031250
0 0.697572 0.338405 0.060434 0.046875
0 0.729597 0.254112 0.082128 0.055921
0 0.796488 0.382401 0.037190 0.046053
0 0.761364 0.368421 0.033058 0.034539
0 0.839360 0.574836 0.094008 0.078947
0 0.935176 0.448191 0.042872 0.031250
1 0.147727 0.497944 0.029959 0.037007
1 0.188791 0.391036 0.054236 0.038651
1 0.220300 0.560444 0.082128 0.134046
1 0.302428 0.600329 0.027376 0.074013
1 0.401343 0.535362 0.027893 0.046053
1 0.319215 0.418586 0.069215 0.110197
1 0.264205 0.309211 0.033574 0.016447
1 0.340134 0.265214 0.019112 0.017270
1 0.431560 0.501645 0.038740 0.054276
1 0.347882 0.308388 0.067665 0.090461
1 0.407541 0.243010 0.028926 0.050164
1 0.444731 0.209704 0.064050 0.100329
1 0.419421 0.319901 0.023760 0.031250
1 0.456612 0.334704 0.052686 0.069079
1 0.508781 0.357730 0.058884 0.080592
1 0.568440 0.357319 0.052169 0.078125
1 0.514463 0.469572 0.034091 0.057566
1 0.579287 0.569079 0.029442 0.027961
1 0.615186 0.570724 0.109504 0.171053
1 0.696281 0.461349 0.025826 0.046053
1 0.656250 0.304276 0.058368 0.074013
1 0.571539 0.278783 0.027376 0.031250
1 0.610795 0.284539 0.024277 0.032895
1 0.704545 0.231497 0.060950 0.084704
1 0.741219 0.340461 0.039256 0.034539
1 0.769112 0.351974 0.040289 0.039474
1 0.807851 0.530016 0.053719 0.078125
1 0.916581 0.435855 0.017045 0.026316
