0 0.270403 0.596628 0.047004 0.089638
0 0.166839 0.512747 0.028926 0.035362
0 0.204545 0.408306 0.054752 0.046875
0 0.281250 0.318257 0.019112 0.021382
0 0.352014 0.274671 0.025310 0.019737
0 0.333419 0.615543 0.043905 0.060033
0 0.368802 0.462171 0.074380 0.077303
0 0.422521 0.550164 0.020661 0.037829
0 0.465134 0.523026 0.032541 0.039474
0 0.593233 0.581414 0.018079 0.026316
0 0.536415 0.482730 0.024277 0.044408
0 0.555527 0.395970 0.081095 0.073191
0 0.396178 0.353618 0.059917 0.072368
0 0.442407 0.334704 0.026343 0.036184
0 0.423037 0.261513 0.040289 0.039474
0 0.494835 0.238898 0.054752 0.079770
0 0.492769 0.361020 0.041322 0.059211
0 0.610021 0.384046 0.027893 0.054276
0 0.691632 0.625000 0.078512 0.106908
0 0.709969 0.475329 0.017045 0.031250
0 0.697314 0.340461 0.054752 0.052632
0 0.580837 0.291118 0.025310 0.023026
0 0.625517 0.293586 0.014463 0.024671
0 0.727014 0.254523 0.077996 0.048520
0 0.765238 0.368010 0.031508 0.040296
0 0.797779 0.388158 0.036674 0.055921
0 0.842717 0.577714 0.080062 0.084704
0 0.932076 0.447368 0.031508 0.034539
1 0.152893 0.497122 0.033058 0.040296
1 0.191632 0.389391 0.068182 0.035362
1 0.270403 0.309211 0.045971 0.018092
1 0.223399 0.552632 0.090393 0.125000
1 0.308884 0.602385 0.039256 0.066612
1 0.321281 0.419408 0.085744 0.126645
1 0.347882 0.310444 0.069731 0.074836
1 0.357438 0.261513 0.038223 0.024671
1 0.404959 0.245477 0.036157 0.037007
1 0.449122 0.207237 0.081095 0.100329
1 0.401601 0.529605 0.034607 0.050987
1 0.434401 0.499589 0.045455 0.045230
1 0.514205 0.466283 0.037707 0.052632
1 0.430010 0.318257 0.033574 0.029605
1 0.458936 0.344161 0.045971 0.068257
1 0.509556 0.358553 0.063533 0.087171
1 0.573605 0.357319 0.047004 0.055099
1 0.579029 0.567434 0.028926 0.037829
1 0.614411 0.562911 0.113120 0.157072
1 0.692924 0.456826 0.023244 0.033717
1 0.569215 0.278372 0.019628 0.030428
1 0.663998 0.309622 0.052169 0.078125
1 0.698864 0.223273 0.061983 0.071546
1 0.753616 0.337993 0.061983 0.049342
1 0.779959 0.368010 0.019628 0.033717
1 0.804236 0.531661 0.070248 0.076480
1 0.919680 0.435444 0.024277 0.037007
1 0.612345 0.286184 0.022211 0.024671
