0 0.346591 0.138980 0.021694 0.018092
0 0.384814 0.101562 0.012397 0.017270
0 0.402118 0.198191 0.030475 0.042763
0 0.441632 0.203947 0.020661 0.031250
0 0.453254 0.154194 0.041839 0.053454
0 0.461519 0.115132 0.042872 0.047697
0 0.474432 0.080592 0.032541 0.018092
0 0.486570 0.193257 0.013430 0.023026
0 0.509556 0.181332 0.017045 0.017270
0 0.487862 0.114309 0.019112 0.016447
0 0.521694 0.062500 0.036157 0.049342
0 0.523760 0.126234 0.028926 0.043586
0 0.551136 0.172697 0.015496 0.024671
0 0.559917 0.136102 0.043388 0.038651
0 0.597624 0.136102 0.022727 0.028783
0 0.583161 0.097862 0.018595 0.013158
0 0.609762 0.100740 0.011880 0.012336
0 0.634298 0.203947 0.039256 0.049342
0 0.637655 0.148438 0.012913 0.013980
0 0.655217 0.117188 0.032541 0.035362
0 0.680527 0.081826 0.053202 0.038651
0 0.727014 0.211349 0.043905 0.042763
0 0.657283 0.171053 0.013946 0.018092
0 0.695248 0.131168 0.021694 0.022204
0 0.716426 0.138980 0.025826 0.027961
0 0.724174 0.104441 0.010331 0.008224
0 0.795455 0.170230 0.014463 0.018092
0 0.427169 0.085526 0.011364 0.013158
