0 0.333419 0.179276 0.013946 0.014803
0 0.342200 0.141036 0.032541 0.023849
0 0.386105 0.105674 0.008781 0.010691
0 0.402376 0.197368 0.027893 0.042763
0 0.439566 0.204770 0.029959 0.032895
0 0.452996 0.155839 0.044421 0.051809
0 0.462810 0.114720 0.039256 0.045230
0 0.427944 0.086760 0.016012 0.010691
0 0.486312 0.192023 0.011880 0.018914
0 0.510072 0.183388 0.019112 0.019737
0 0.489669 0.113898 0.011364 0.015625
0 0.471591 0.082237 0.022727 0.014803
0 0.482180 0.080181 0.016012 0.015625
0 0.551395 0.171464 0.013946 0.018914
0 0.564050 0.136513 0.049587 0.039474
0 0.524019 0.120888 0.027376 0.029605
0 0.524019 0.064967 0.038740 0.050987
0 0.585744 0.207237 0.015496 0.013158
0 0.597624 0.135280 0.018595 0.032072
0 0.582386 0.099918 0.017045 0.013980
0 0.610021 0.102796 0.012397 0.011513
0 0.637138 0.208059 0.045971 0.055921
0 0.660124 0.173931 0.019628 0.020559
0 0.655475 0.115954 0.034091 0.031250
0 0.680527 0.082648 0.055269 0.035362
0 0.715393 0.138569 0.021694 0.027138
0 0.696023 0.132401 0.022211 0.023026
0 0.725465 0.106908 0.011880 0.008224
0 0.729081 0.207237 0.047004 0.039474
0 0.794421 0.170230 0.016529 0.013158
