0 0.332128 0.180510 0.023760 0.023849
0 0.343750 0.136924 0.027376 0.027138
0 0.379390 0.104441 0.027376 0.011513
0 0.430269 0.086760 0.017562 0.015625
0 0.403926 0.198191 0.030992 0.046053
0 0.440341 0.206414 0.028409 0.036184
0 0.453771 0.154194 0.045971 0.050164
0 0.487603 0.191612 0.012397 0.023026
0 0.510331 0.182566 0.018595 0.019737
0 0.477273 0.081414 0.027893 0.024671
0 0.464360 0.122533 0.041322 0.064145
0 0.488895 0.117188 0.019112 0.025493
0 0.525052 0.064556 0.036674 0.055099
0 0.523244 0.120888 0.027893 0.031250
0 0.552169 0.171464 0.014463 0.025493
0 0.586002 0.205592 0.013946 0.014803
0 0.563017 0.136513 0.048554 0.039474
0 0.598140 0.136513 0.021694 0.034539
0 0.587552 0.098684 0.025310 0.016447
0 0.613636 0.099507 0.015496 0.011513
0 0.657283 0.171464 0.011880 0.020559
0 0.656508 0.117599 0.035124 0.032895
0 0.680785 0.082648 0.051653 0.035362
0 0.637913 0.208470 0.042355 0.060033
0 0.714101 0.138569 0.019112 0.028783
0 0.694990 0.131990 0.020145 0.022204
0 0.729081 0.208882 0.043905 0.039474
0 0.794938 0.170641 0.011364 0.018914
