0 0.468492 0.181332 0.032025 0.033717
0 0.507490 0.192845 0.025310 0.027138
0 0.437758 0.089638 0.018079 0.016447
0 0.478048 0.073191 0.013946 0.011513
0 0.551653 0.180099 0.011364 0.016447
0 0.511364 0.140214 0.044421 0.046875
0 0.518337 0.096628 0.041839 0.032072
0 0.522469 0.068668 0.036674 0.018914
0 0.573347 0.050987 0.037190 0.046053
0 0.572314 0.170230 0.021694 0.019737
0 0.578512 0.111431 0.034091 0.040296
0 0.615702 0.159539 0.018595 0.018092
0 0.619835 0.122533 0.050620 0.027961
0 0.634298 0.087582 0.016529 0.013980
0 0.665548 0.091283 0.014979 0.013158
0 0.653667 0.192023 0.014979 0.009046
0 0.658833 0.123355 0.027376 0.027961
0 0.693957 0.135280 0.014979 0.005757
0 0.704029 0.198191 0.049587 0.037829
0 0.720041 0.160773 0.018595 0.015625
0 0.712035 0.108141 0.034607 0.035362
0 0.730888 0.068668 0.053719 0.032072
0 0.751550 0.121711 0.023760 0.023026
0 0.771178 0.125822 0.019628 0.026316
0 0.788481 0.197780 0.050103 0.032072
0 0.855372 0.158717 0.020661 0.016447
0 0.824638 0.168174 0.016012 0.010691
0 0.410382 0.125000 0.025310 0.026316
1 0.422262 0.091694 0.019112 0.012336
1 0.461519 0.201069 0.033574 0.017270
1 0.497676 0.214227 0.033574 0.033717
1 0.503357 0.180510 0.040806 0.037007
1 0.498192 0.134457 0.042872 0.046875
1 0.476756 0.078947 0.013430 0.009868
1 0.526085 0.081414 0.034607 0.011513
1 0.550878 0.195724 0.016012 0.014803
1 0.570506 0.189967 0.016012 0.021382
1 0.570764 0.147615 0.041322 0.037007
1 0.568182 0.092516 0.041322 0.041941
1 0.613120 0.173931 0.019628 0.010691
1 0.615444 0.156250 0.049070 0.039474
1 0.651085 0.204359 0.016012 0.013980
1 0.659349 0.150905 0.026343 0.028783
1 0.635589 0.097862 0.019112 0.009868
1 0.661932 0.099095 0.016012 0.010691
1 0.693440 0.144326 0.014979 0.010691
1 0.707903 0.221628 0.061467 0.012336
1 0.725723 0.178454 0.023760 0.019737
1 0.717975 0.137747 0.047521 0.032072
1 0.738378 0.095395 0.062500 0.024671
1 0.753357 0.138980 0.022211 0.013158
1 0.780217 0.148438 0.035640 0.025493
1 0.799587 0.225329 0.051653 0.019737
1 0.830320 0.181743 0.019112 0.019737
1 0.862087 0.175576 0.022727 0.020559
