0 0.406767 0.120477 0.016012 0.023849
0 0.436467 0.087582 0.011364 0.010691
0 0.467459 0.185444 0.032025 0.041941
0 0.508264 0.190789 0.021694 0.029605
0 0.513430 0.138980 0.043388 0.046053
0 0.549845 0.177632 0.011880 0.023026
0 0.569731 0.169819 0.016529 0.020559
0 0.517045 0.101151 0.040289 0.047697
0 0.524793 0.067845 0.027893 0.018914
0 0.544421 0.101151 0.016529 0.016447
0 0.575155 0.049753 0.038740 0.046875
0 0.613120 0.159539 0.016529 0.019737
0 0.579029 0.113898 0.030992 0.041941
0 0.619318 0.124178 0.047521 0.039474
0 0.655475 0.122533 0.020661 0.032895
0 0.694473 0.136513 0.008781 0.019737
0 0.633781 0.086760 0.018595 0.018914
0 0.662965 0.090049 0.016012 0.012336
0 0.711002 0.102796 0.035640 0.029605
0 0.717459 0.160773 0.015496 0.022204
0 0.698089 0.193668 0.033574 0.046875
0 0.798037 0.196546 0.054752 0.054276
0 0.751550 0.120888 0.023760 0.024671
0 0.771952 0.127056 0.017045 0.030428
0 0.730372 0.071546 0.054752 0.039474
0 0.851756 0.158717 0.016529 0.018092
0 0.775568 0.094984 0.011880 0.015625
1 0.451446 0.094161 0.020661 0.012336
1 0.481147 0.201480 0.029442 0.024671
1 0.539514 0.208470 0.063533 0.018914
1 0.574380 0.190378 0.040289 0.017270
1 0.595558 0.180510 0.037190 0.017270
1 0.563533 0.166530 0.088843 0.025493
1 0.638171 0.169408 0.034607 0.024671
1 0.546488 0.118010 0.033058 0.012336
1 0.557335 0.108964 0.022727 0.012336
1 0.550620 0.074013 0.024793 0.016447
1 0.644370 0.071546 0.122417 0.014803
1 0.671488 0.139803 0.060950 0.023026
1 0.691890 0.133224 0.058368 0.018092
1 0.712035 0.137747 0.019112 0.013980
1 0.645661 0.090461 0.012397 0.008224
1 0.425103 0.132812 0.030992 0.020559
0 0.475981 0.073191 0.014979 0.018092
0 0.491994 0.076480 0.021178 0.008224
0 0.593492 0.123355 0.005165 0.019737
1 0.738895 0.213405 0.063533 0.035362
1 0.755940 0.173931 0.062500 0.022204
1 0.679236 0.092928 0.021694 0.004934
1 0.795713 0.087171 0.089360 0.027961
1 0.730372 0.120066 0.018595 0.019737
1 0.806818 0.136102 0.052686 0.015625
1 0.809917 0.124589 0.060950 0.013980
1 0.887397 0.226151 0.158058 0.031250
1 0.877583 0.162418 0.035124 0.012336
1 0.792355 0.101151 0.024793 0.014803
