0 0.468492 0.184622 0.029959 0.037007
0 0.506973 0.192023 0.028409 0.025493
0 0.514463 0.140214 0.045455 0.041941
0 0.518337 0.099095 0.039773 0.035362
0 0.551653 0.178454 0.013430 0.014803
0 0.571798 0.171875 0.020661 0.019737
0 0.579545 0.110609 0.028926 0.033717
0 0.524793 0.073191 0.022727 0.023026
0 0.610537 0.157484 0.018595 0.020559
0 0.621643 0.124178 0.048037 0.036184
0 0.576188 0.054688 0.033574 0.051809
0 0.653151 0.195312 0.014979 0.009046
0 0.706095 0.195312 0.046488 0.041941
0 0.640754 0.089638 0.013946 0.013158
0 0.662190 0.091694 0.010331 0.015625
0 0.721591 0.162007 0.022727 0.014803
0 0.714360 0.106086 0.033058 0.032895
0 0.544680 0.100740 0.012913 0.010691
0 0.480888 0.076069 0.011364 0.012336
1 0.467459 0.167352 0.027893 0.015625
1 0.509556 0.180921 0.034607 0.021382
1 0.512397 0.124589 0.045455 0.037007
1 0.575413 0.165296 0.012397 0.011513
1 0.706612 0.182566 0.046488 0.032895
1 0.653151 0.185855 0.024277 0.014803
1 0.619060 0.108964 0.048037 0.017270
1 0.579029 0.096628 0.030992 0.010691
