0 0.332386 0.178454 0.010847 0.016447
0 0.347107 0.139391 0.040289 0.018914
0 0.386105 0.104852 0.013946 0.015625
0 0.426395 0.085938 0.014979 0.010691
0 0.403667 0.193257 0.024277 0.037829
0 0.438275 0.205592 0.025310 0.031250
0 0.451446 0.157895 0.037190 0.049342
0 0.462810 0.115954 0.038223 0.046053
0 0.473399 0.081003 0.027376 0.022204
0 0.522469 0.064145 0.039773 0.049342
0 0.523502 0.121711 0.029442 0.034539
0 0.490186 0.113898 0.017562 0.013980
0 0.487345 0.193257 0.013946 0.013158
0 0.510847 0.185444 0.019628 0.020559
0 0.548037 0.169408 0.038223 0.026316
0 0.587035 0.204359 0.012913 0.010691
0 0.598399 0.133635 0.023244 0.033717
0 0.582386 0.098684 0.019112 0.011513
0 0.611829 0.100740 0.011880 0.007401
0 0.563791 0.134457 0.048037 0.028783
0 0.639205 0.203125 0.050103 0.044408
0 0.653926 0.117599 0.044421 0.029605
0 0.680269 0.080181 0.054752 0.032072
0 0.693957 0.134457 0.025310 0.027138
0 0.715909 0.138158 0.019628 0.023026
0 0.725981 0.208882 0.050103 0.032895
0 0.794421 0.168997 0.017562 0.013980
0 0.658316 0.171875 0.017045 0.013158
1 0.321798 0.189145 0.016529 0.016447
1 0.329029 0.161595 0.042355 0.030428
1 0.370868 0.108141 0.020661 0.012336
1 0.424845 0.092516 0.010847 0.007401
1 0.396952 0.217516 0.036674 0.015625
1 0.434143 0.218750 0.037707 0.013158
1 0.442924 0.189556 0.050103 0.048520
1 0.434401 0.145559 0.041322 0.041118
1 0.487603 0.207648 0.018595 0.017270
1 0.505682 0.205181 0.017562 0.020559
1 0.506973 0.149671 0.042872 0.037829
1 0.502066 0.119243 0.012397 0.018092
1 0.517304 0.108964 0.044938 0.045230
1 0.475723 0.093750 0.034091 0.011513
1 0.548295 0.186678 0.036674 0.018092
1 0.586777 0.215461 0.015496 0.011513
1 0.564824 0.162007 0.048037 0.026316
1 0.597624 0.162418 0.022727 0.023849
1 0.583161 0.107730 0.018595 0.008224
1 0.613120 0.111431 0.012397 0.015625
1 0.658833 0.145970 0.051136 0.030428
1 0.686983 0.105263 0.060950 0.023026
1 0.642562 0.231908 0.063017 0.013158
1 0.663740 0.187089 0.027893 0.022204
1 0.722882 0.163240 0.029442 0.025493
1 0.706612 0.157895 0.033058 0.021382
1 0.733729 0.233553 0.052169 0.019737
1 0.799845 0.184211 0.017045 0.019737
