0 0.406250 0.125411 0.028409 0.022204
0 0.433110 0.092516 0.025310 0.010691
0 0.467200 0.184211 0.030475 0.046053
0 0.506715 0.191612 0.033058 0.031250
0 0.513430 0.141447 0.042355 0.047697
0 0.517045 0.098684 0.043388 0.037829
0 0.545196 0.101151 0.012913 0.016447
0 0.521694 0.070312 0.027893 0.020559
0 0.529700 0.066201 0.023244 0.018914
0 0.548554 0.178454 0.013430 0.021382
0 0.573089 0.171053 0.021178 0.018092
0 0.578254 0.109375 0.031508 0.032895
0 0.574380 0.051809 0.044421 0.049342
0 0.612087 0.158717 0.013430 0.018092
0 0.621384 0.125822 0.049587 0.039474
0 0.634039 0.086760 0.018079 0.015625
0 0.662190 0.089227 0.010331 0.012336
0 0.649793 0.193668 0.014463 0.015625
0 0.654184 0.125000 0.024277 0.036184
0 0.704029 0.195312 0.050620 0.051809
0 0.718750 0.159951 0.014979 0.018914
0 0.710744 0.103618 0.034091 0.031250
0 0.732696 0.070312 0.059401 0.035362
0 0.751550 0.121299 0.025826 0.025493
0 0.772211 0.127056 0.023760 0.025493
0 0.790806 0.196957 0.048554 0.040296
0 0.853306 0.158717 0.014463 0.016447
0 0.479597 0.075247 0.014979 0.012336
