0 0.359762 0.105674 0.010847 0.007401
0 0.407025 0.124178 0.029959 0.023026
0 0.467459 0.186266 0.028926 0.045230
0 0.434401 0.089227 0.029959 0.013980
0 0.508523 0.193257 0.026343 0.036184
0 0.481405 0.072368 0.011364 0.014803
0 0.513688 0.140625 0.043905 0.052632
0 0.549845 0.178454 0.013946 0.019737
0 0.575671 0.175576 0.023244 0.035362
0 0.518853 0.102796 0.036674 0.046053
0 0.544163 0.105263 0.018079 0.026316
0 0.527893 0.067845 0.029959 0.023849
0 0.570248 0.052220 0.046488 0.055099
0 0.580320 0.108964 0.024277 0.037007
0 0.622417 0.123766 0.049587 0.043586
0 0.612603 0.157072 0.017562 0.023026
0 0.651085 0.192845 0.013946 0.013980
0 0.638946 0.085938 0.024793 0.018914
0 0.664256 0.088405 0.010331 0.015625
0 0.655475 0.123355 0.026860 0.032895
0 0.702221 0.195312 0.052169 0.060033
0 0.719525 0.159539 0.016529 0.019737
0 0.751033 0.119655 0.020661 0.025493
0 0.771436 0.125411 0.024277 0.027138
0 0.730372 0.070312 0.054752 0.037007
0 0.793388 0.194901 0.049587 0.042763
0 0.853822 0.158717 0.014463 0.018092
