0 0.406767 0.120477 0.016012 0.023849
0 0.436467 0.087582 0.011364 0.010691
0 0.467459 0.185444 0.032025 0.041941
0 0.508264 0.190789 0.021694 0.029605
0 0.513430 0.138980 0.043388 0.046053
0 0.549845 0.177632 0.011880 0.023026
0 0.569731 0.169819 0.016529 0.020559
0 0.517045 0.101151 0.040289 0.047697
0 0.524793 0.067845 0.027893 0.018914
0 0.544421 0.101151 0.016529 0.016447
0 0.575155 0.049753 0.038740 0.046875
0 0.613120 0.159539 0.016529 0.019737
0 0.579029 0.113898 0.030992 0.041941
0 0.619318 0.124178 0.047521 0.039474
0 0.655475 0.122533 0.020661 0.032895
0 0.694473 0.136513 0.008781 0.019737
0 0.633781 0.086760 0.018595 0.018914
0 0.662965 0.090049 0.016012 0.012336
0 0.711002 0.102796 0.035640 0.029605
0 0.717459 0.160773 0.015496 0.022204
0 0.698089 0.193668 0.033574 0.046875
0 0.798037 0.196546 0.054752 0.054276
0 0.751550 0.120888 0.023760 0.024671
0 0.771952 0.127056 0.017045 0.030428
0 0.730372 0.071546 0.054752 0.039474
0 0.851756 0.158717 0.016529 0.018092
0 0.775568 0.094984 0.011880 0.015625
0 0.475981 0.073191 0.014979 0.018092
0 0.491994 0.076480 0.021178 0.008224
0 0.593492 0.123355 0.005165 0.019737
