0 0.332386 0.178454 0.010847 0.016447
0 0.347366 0.134868 0.040806 0.027961
0 0.386105 0.104852 0.013946 0.015625
0 0.426395 0.085938 0.014979 0.010691
0 0.400826 0.193668 0.029959 0.037007
0 0.438275 0.205592 0.025310 0.031250
0 0.451446 0.157895 0.037190 0.049342
0 0.462810 0.115954 0.038223 0.046053
0 0.473399 0.081003 0.027376 0.022204
0 0.522469 0.064145 0.039773 0.049342
0 0.523502 0.121711 0.029442 0.034539
0 0.490186 0.113898 0.017562 0.013980
0 0.487345 0.193257 0.013946 0.013158
0 0.510847 0.185444 0.019628 0.020559
0 0.548037 0.169408 0.038223 0.026316
0 0.587035 0.204359 0.012913 0.010691
0 0.598399 0.133635 0.023244 0.033717
0 0.582386 0.098684 0.019112 0.011513
0 0.611829 0.100740 0.011880 0.007401
0 0.563791 0.134457 0.048037 0.028783
0 0.639205 0.203125 0.050103 0.044408
0 0.653926 0.117599 0.044421 0.029605
0 0.680269 0.080181 0.054752 0.032072
0 0.693957 0.134457 0.025310 0.027138
0 0.715909 0.138158 0.019628 0.023026
0 0.725981 0.208882 0.050103 0.032895
0 0.794421 0.168997 0.017562 0.013980
0 0.658316 0.171875 0.017045 0.013158
