0 0.403926 0.194901 0.030992 0.031250
0 0.439050 0.204359 0.029959 0.020559
0 0.455837 0.154194 0.042872 0.041941
0 0.487345 0.194079 0.010847 0.018092
0 0.511105 0.183388 0.020145 0.013158
0 0.464101 0.115954 0.039773 0.042763
0 0.551395 0.172697 0.017045 0.019737
0 0.489411 0.114720 0.016012 0.013980
0 0.471333 0.085938 0.024277 0.025493
0 0.475465 0.079359 0.024277 0.015625
0 0.521694 0.122944 0.034091 0.035362
0 0.523502 0.067023 0.035640 0.046875
0 0.565083 0.137747 0.045455 0.032072
0 0.588068 0.204359 0.018079 0.007401
0 0.643079 0.205592 0.057851 0.044408
0 0.584194 0.099095 0.020661 0.012336
0 0.654700 0.118421 0.036674 0.031250
0 0.659607 0.176398 0.016529 0.017270
0 0.666322 0.086760 0.023760 0.020559
1 0.413223 0.184622 0.017562 0.023849
1 0.450930 0.199424 0.015496 0.022204
1 0.468750 0.142681 0.026343 0.035362
1 0.514205 0.179688 0.014979 0.013980
1 0.572314 0.125822 0.042355 0.021382
1 0.491477 0.189145 0.008781 0.014803
1 0.534349 0.118832 0.013946 0.030428
1 0.651343 0.200658 0.027893 0.050987
0 0.611054 0.104441 0.015496 0.016447
