0 0.332128 0.180510 0.023760 0.023849
0 0.343750 0.136924 0.027376 0.027138
0 0.379390 0.104441 0.027376 0.011513
0 0.430269 0.086760 0.017562 0.015625
0 0.403926 0.198191 0.030992 0.046053
0 0.440341 0.206414 0.028409 0.036184
0 0.453771 0.154194 0.045971 0.050164
0 0.487603 0.191612 0.012397 0.023026
0 0.510331 0.182566 0.018595 0.019737
0 0.477273 0.081414 0.027893 0.024671
0 0.464360 0.122533 0.041322 0.064145
0 0.488895 0.117188 0.019112 0.025493
0 0.525052 0.064556 0.036674 0.055099
0 0.523244 0.120888 0.027893 0.031250
0 0.552169 0.171464 0.014463 0.025493
0 0.586002 0.205592 0.013946 0.014803
0 0.563017 0.136513 0.048554 0.039474
0 0.598140 0.136513 0.021694 0.034539
0 0.587552 0.098684 0.025310 0.016447
0 0.613636 0.099507 0.015496 0.011513
0 0.657283 0.171464 0.011880 0.020559
0 0.656508 0.117599 0.035124 0.032895
0 0.680785 0.082648 0.051653 0.035362
0 0.637913 0.208470 0.042355 0.060033
0 0.714101 0.138569 0.019112 0.028783
0 0.694990 0.131990 0.020145 0.022204
0 0.729081 0.208882 0.043905 0.039474
0 0.794938 0.170641 0.011364 0.018914
1 0.318698 0.176809 0.020661 0.014803
1 0.328771 0.135691 0.027376 0.021382
1 0.370868 0.100740 0.025826 0.012336
1 0.368543 0.193668 0.062500 0.040296
1 0.415548 0.147615 0.047004 0.048520
1 0.422779 0.208059 0.020145 0.016447
1 0.428461 0.104852 0.051136 0.038651
1 0.421746 0.082648 0.010847 0.009046
1 0.473140 0.190789 0.018595 0.021382
1 0.487345 0.055921 0.048037 0.054276
1 0.492252 0.180921 0.023760 0.016447
1 0.537965 0.169819 0.022211 0.022204
1 0.575930 0.201480 0.013430 0.008224
1 0.595558 0.201480 0.052686 0.052632
1 0.481663 0.109786 0.004649 0.009046
1 0.497676 0.115543 0.027376 0.032072
1 0.533574 0.133224 0.016529 0.034539
1 0.575671 0.126234 0.032541 0.022204
1 0.572831 0.097451 0.011364 0.017270
1 0.603306 0.100329 0.011364 0.016447
1 0.631198 0.112664 0.033058 0.034539
1 0.648244 0.168586 0.016529 0.018092
1 0.661674 0.073191 0.036157 0.034539
1 0.681043 0.126645 0.016012 0.019737
1 0.704804 0.133635 0.003616 0.020559
1 0.710227 0.199013 0.026860 0.024671
1 0.786674 0.168174 0.006198 0.020559
