0 0.468492 0.181332 0.032025 0.033717
0 0.507490 0.192845 0.025310 0.027138
0 0.437758 0.089638 0.018079 0.016447
0 0.478048 0.073191 0.013946 0.011513
0 0.551653 0.180099 0.011364 0.016447
0 0.511364 0.140214 0.044421 0.046875
0 0.518337 0.096628 0.041839 0.032072
0 0.522469 0.068668 0.036674 0.018914
0 0.573347 0.050987 0.037190 0.046053
0 0.572314 0.170230 0.021694 0.019737
0 0.578512 0.111431 0.034091 0.040296
0 0.615702 0.159539 0.018595 0.018092
0 0.619835 0.122533 0.050620 0.027961
0 0.634298 0.087582 0.016529 0.013980
0 0.665548 0.091283 0.014979 0.013158
0 0.653667 0.192023 0.014979 0.009046
0 0.658833 0.123355 0.027376 0.027961
0 0.693957 0.135280 0.014979 0.005757
0 0.704029 0.198191 0.049587 0.037829
0 0.720041 0.160773 0.018595 0.015625
0 0.712035 0.108141 0.034607 0.035362
0 0.730888 0.068668 0.053719 0.032072
0 0.751550 0.121711 0.023760 0.023026
0 0.771178 0.125822 0.019628 0.026316
0 0.788481 0.197780 0.050103 0.032072
0 0.855372 0.158717 0.020661 0.016447
0 0.824638 0.168174 0.016012 0.010691
0 0.410382 0.125000 0.025310 0.026316
