0 0.157283 0.408717 0.055269 0.042763
0 0.192924 0.337582 0.042872 0.083059
0 0.293130 0.321957 0.014979 0.018914
0 0.317924 0.299342 0.020145 0.013158
0 0.308110 0.232730 0.048037 0.060855
0 0.137655 0.466694 0.026343 0.022204
0 0.194731 0.525082 0.028926 0.018914
0 0.333419 0.591694 0.054236 0.035362
0 0.305010 0.416941 0.021178 0.031250
0 0.338585 0.431743 0.065599 0.065789
0 0.385331 0.379112 0.051653 0.047697
0 0.379390 0.229030 0.016012 0.017270
0 0.427428 0.271382 0.038740 0.041118
0 0.453771 0.364309 0.049070 0.055921
0 0.455062 0.321546 0.037190 0.027961
0 0.467200 0.258635 0.023244 0.027138
0 0.492769 0.252878 0.028926 0.033717
0 0.518079 0.463405 0.053719 0.089638
0 0.545196 0.391859 0.026343 0.030428
0 0.586002 0.435033 0.020145 0.027961
0 0.611570 0.462171 0.025826 0.024671
0 0.576963 0.310855 0.021694 0.021382
0 0.647469 0.542763 0.090393 0.070724
0 0.697056 0.497533 0.040806 0.050987
0 0.569731 0.233553 0.023760 0.014803
0 0.656508 0.385280 0.019628 0.020559
0 0.680785 0.287007 0.049587 0.060855
0 0.721591 0.339227 0.043388 0.063322
