0 0.237862 0.395559 0.051136 0.039474
0 0.270919 0.326891 0.039773 0.094572
0 0.365186 0.308388 0.018595 0.023026
0 0.386880 0.283306 0.015496 0.015625
0 0.373192 0.220395 0.044938 0.055921
0 0.498450 0.258635 0.032025 0.051809
0 0.535899 0.249178 0.024277 0.029605
0 0.559401 0.239720 0.026860 0.035362
0 0.437758 0.592516 0.058368 0.055099
0 0.282283 0.523849 0.042872 0.016447
0 0.287965 0.507812 0.035640 0.013980
0 0.223399 0.449424 0.025310 0.025493
0 0.388430 0.401316 0.019628 0.032895
0 0.426395 0.416530 0.061467 0.069901
0 0.469008 0.363487 0.046488 0.042763
0 0.551395 0.301398 0.018079 0.017270
0 0.532800 0.352796 0.044938 0.064145
0 0.520661 0.300987 0.020661 0.021382
0 0.649535 0.298931 0.012913 0.020559
0 0.608213 0.452303 0.048037 0.092105
0 0.748192 0.527961 0.073864 0.062500
0 0.791322 0.488487 0.034091 0.052632
0 0.671229 0.424753 0.017045 0.027138
0 0.700155 0.448191 0.023244 0.021382
0 0.736570 0.372944 0.018595 0.013980
0 0.752066 0.275493 0.045455 0.054276
0 0.800878 0.324424 0.048037 0.056743
0 0.632490 0.219161 0.018079 0.017270
