0 0.138171 0.463405 0.023244 0.022204
0 0.156508 0.406250 0.050620 0.042763
0 0.194731 0.343339 0.040289 0.092928
0 0.186209 0.534539 0.034607 0.036184
0 0.334194 0.603207 0.053719 0.061678
0 0.301395 0.412007 0.017045 0.032895
0 0.337552 0.428865 0.064566 0.066612
0 0.292614 0.321135 0.018079 0.018914
0 0.319473 0.299753 0.017045 0.020559
0 0.306043 0.232730 0.047004 0.057566
0 0.426911 0.273849 0.034607 0.041118
0 0.467717 0.261102 0.033574 0.025493
0 0.491219 0.252056 0.026860 0.027138
0 0.386622 0.379934 0.048037 0.044408
0 0.456353 0.363898 0.053202 0.064967
0 0.457128 0.325658 0.037190 0.032895
0 0.482180 0.313734 0.012913 0.012336
0 0.514463 0.466283 0.045455 0.087171
0 0.546229 0.392681 0.026343 0.027138
0 0.586519 0.435033 0.010847 0.027961
0 0.611570 0.460526 0.022727 0.024671
0 0.574380 0.312089 0.015496 0.027138
0 0.566116 0.231497 0.015496 0.017270
0 0.655992 0.385280 0.013430 0.020559
0 0.646178 0.539062 0.069215 0.061678
0 0.694990 0.495066 0.038740 0.050987
0 0.680527 0.286595 0.049070 0.055099
0 0.727531 0.337993 0.051136 0.057566
1 0.198605 0.556743 0.045971 0.027961
1 0.145661 0.471628 0.019628 0.013980
1 0.185434 0.428865 0.076446 0.030428
1 0.252066 0.381579 0.099174 0.077303
1 0.312758 0.417352 0.022211 0.022204
1 0.311725 0.328536 0.035640 0.018914
1 0.337293 0.309211 0.025826 0.016447
1 0.362603 0.247533 0.073347 0.029605
1 0.387138 0.650082 0.105888 0.079770
1 0.413998 0.489309 0.143079 0.078947
1 0.447831 0.416941 0.099174 0.042763
1 0.490186 0.295641 0.112603 0.028783
1 0.505165 0.271793 0.072314 0.015625
1 0.528926 0.261513 0.074380 0.014803
1 0.587810 0.235609 0.032025 0.015625
1 0.579029 0.502056 0.109504 0.055099
1 0.497159 0.319490 0.019112 0.010691
1 0.504907 0.346217 0.068698 0.021382
1 0.575155 0.400493 0.031508 0.021382
1 0.530992 0.391036 0.118802 0.060033
1 0.643595 0.473684 0.046488 0.018092
1 0.621126 0.450247 0.058368 0.028783
1 0.677686 0.390625 0.033058 0.013158
1 0.605114 0.321546 0.052169 0.016447
1 0.752841 0.305510 0.106921 0.017270
1 0.845300 0.380757 0.211260 0.055921
1 0.742252 0.592516 0.163223 0.074836
1 0.787965 0.543997 0.184401 0.069901
