0 0.237862 0.395559 0.051136 0.039474
0 0.270919 0.326891 0.039773 0.094572
0 0.365186 0.308388 0.018595 0.023026
0 0.386880 0.283306 0.015496 0.015625
0 0.373192 0.220395 0.044938 0.055921
0 0.498450 0.258635 0.032025 0.051809
0 0.535899 0.249178 0.024277 0.029605
0 0.559401 0.239720 0.026860 0.035362
0 0.437758 0.592516 0.058368 0.055099
0 0.282283 0.523849 0.042872 0.016447
0 0.287965 0.507812 0.035640 0.013980
0 0.223399 0.449424 0.025310 0.025493
0 0.388430 0.401316 0.019628 0.032895
0 0.426395 0.416530 0.061467 0.069901
0 0.469008 0.363487 0.046488 0.042763
0 0.551395 0.301398 0.018079 0.017270
0 0.532800 0.352796 0.044938 0.064145
0 0.520661 0.300987 0.020661 0.021382
0 0.649535 0.298931 0.012913 0.020559
0 0.608213 0.452303 0.048037 0.092105
0 0.748192 0.527961 0.073864 0.062500
0 0.791322 0.488487 0.034091 0.052632
0 0.671229 0.424753 0.017045 0.027138
0 0.700155 0.448191 0.023244 0.021382
0 0.736570 0.372944 0.018595 0.013980
0 0.752066 0.275493 0.045455 0.054276
0 0.800878 0.324424 0.048037 0.056743
0 0.632490 0.219161 0.018079 0.017270
1 0.236054 0.461349 0.020661 0.019737
1 0.270403 0.414885 0.066632 0.023849
1 0.329287 0.368421 0.113120 0.072368
1 0.383781 0.316612 0.029959 0.016447
1 0.290806 0.543174 0.038223 0.032072
1 0.311209 0.524260 0.024277 0.028783
1 0.396178 0.406661 0.012397 0.025493
1 0.497417 0.476562 0.154959 0.073191
1 0.528926 0.403783 0.114669 0.044408
1 0.409607 0.296875 0.033058 0.018092
1 0.418388 0.236020 0.088843 0.029605
1 0.494060 0.638980 0.116219 0.078947
1 0.564824 0.260280 0.047004 0.017270
1 0.602531 0.258635 0.072831 0.020559
1 0.558110 0.281661 0.100723 0.030428
1 0.652634 0.224918 0.031508 0.012336
1 0.679752 0.309211 0.053719 0.018092
1 0.674329 0.493832 0.120351 0.055099
1 0.709452 0.437500 0.062500 0.026316
1 0.734504 0.460938 0.055785 0.025493
1 0.756973 0.379112 0.028409 0.011513
1 0.824122 0.296875 0.122417 0.021382
1 0.903151 0.365543 0.180269 0.056743
1 0.843750 0.579359 0.188533 0.084704
1 0.885589 0.532484 0.175103 0.066612
1 0.579545 0.333882 0.078512 0.031250
1 0.614153 0.374589 0.128099 0.060033
1 0.567665 0.305510 0.021694 0.013980
