0 0.237862 0.395148 0.054236 0.041941
0 0.224432 0.449424 0.034607 0.020559
0 0.292872 0.510280 0.025826 0.015625
0 0.272469 0.323602 0.045971 0.084704
0 0.372934 0.219161 0.052686 0.058388
0 0.367769 0.309211 0.017562 0.021382
0 0.389463 0.289062 0.023760 0.020559
0 0.390496 0.402961 0.016529 0.031250
0 0.425362 0.425987 0.066632 0.085526
0 0.439824 0.589638 0.063533 0.047697
0 0.467459 0.365543 0.055785 0.038651
0 0.534607 0.339227 0.042355 0.091283
0 0.556302 0.296875 0.025826 0.032895
0 0.498967 0.262336 0.034091 0.047697
0 0.444215 0.215049 0.017562 0.015625
0 0.536932 0.243832 0.027376 0.020559
0 0.560434 0.240543 0.030992 0.027138
0 0.609504 0.451891 0.055785 0.086349
0 0.627583 0.379934 0.028926 0.026316
0 0.671488 0.422286 0.018595 0.025493
0 0.700671 0.447368 0.029442 0.021382
0 0.750000 0.529194 0.091942 0.066612
0 0.791322 0.484375 0.036157 0.050987
0 0.737862 0.374589 0.020145 0.018914
0 0.649019 0.300576 0.019112 0.022204
0 0.634039 0.220806 0.021178 0.015625
0 0.750000 0.276727 0.052686 0.058388
0 0.800362 0.328536 0.055269 0.066612
