0 0.241736 0.388569 0.052686 0.048520
0 0.274019 0.325247 0.039773 0.092928
0 0.371126 0.218339 0.057335 0.055099
0 0.366736 0.307566 0.017562 0.031250
0 0.392304 0.285362 0.016012 0.024671
0 0.389721 0.407895 0.025310 0.039474
0 0.432593 0.421464 0.047004 0.073191
0 0.466684 0.390214 0.055269 0.091283
0 0.500000 0.261513 0.032025 0.057566
0 0.535640 0.243832 0.018595 0.030428
0 0.559143 0.237253 0.030475 0.038651
0 0.535124 0.350740 0.050620 0.060033
0 0.537707 0.311266 0.044421 0.040296
0 0.439050 0.590049 0.056818 0.056743
0 0.609504 0.451480 0.051653 0.100329
0 0.612603 0.644326 0.040289 0.050164
0 0.631457 0.385280 0.026343 0.035362
0 0.654959 0.300576 0.019628 0.035362
0 0.753099 0.277138 0.047521 0.059211
0 0.800362 0.328947 0.050103 0.074013
0 0.675362 0.423520 0.013946 0.026316
0 0.702738 0.448602 0.025310 0.028783
0 0.792355 0.483553 0.037190 0.050987
0 0.720041 0.520559 0.117769 0.065789
0 0.739153 0.372533 0.013430 0.016447
0 0.634298 0.217516 0.017562 0.018914
0 0.226756 0.449836 0.020661 0.021382
1 0.193440 0.453536 0.052169 0.017270
1 0.185692 0.399671 0.079029 0.034539
1 0.133264 0.351974 0.244835 0.034539
0 0.296229 0.508635 0.016012 0.020559
1 0.257490 0.520148 0.065599 0.033717
1 0.301395 0.459704 0.215393 0.055921
1 0.350465 0.411184 0.064566 0.034539
1 0.400310 0.373766 0.107438 0.040296
1 0.330579 0.312911 0.060950 0.018914
1 0.366477 0.289885 0.045971 0.010691
1 0.301653 0.232730 0.116736 0.042763
1 0.423554 0.277961 0.131198 0.031250
1 0.493027 0.254523 0.068698 0.010691
1 0.505165 0.244655 0.055785 0.009046
1 0.490702 0.495066 0.186983 0.080592
1 0.477531 0.364309 0.082128 0.042763
1 0.457128 0.332237 0.117769 0.019737
1 0.563275 0.652138 0.068698 0.046053
1 0.586777 0.394326 0.058884 0.027138
1 0.621126 0.306332 0.044938 0.018914
1 0.615702 0.222039 0.019628 0.013158
1 0.650826 0.435855 0.032025 0.027961
1 0.668130 0.463405 0.052169 0.025493
1 0.719267 0.381168 0.026343 0.013980
1 0.728564 0.359375 0.154442 0.046053
1 0.699897 0.290296 0.078512 0.029605
1 0.670713 0.584704 0.177169 0.087171
1 0.741219 0.531250 0.097107 0.069079
1 0.391529 0.609786 0.078512 0.073191
