0 0.158833 0.408306 0.057335 0.050164
0 0.197572 0.339227 0.041839 0.091283
0 0.309143 0.236431 0.050103 0.066612
0 0.293388 0.322368 0.017562 0.026316
0 0.320506 0.300576 0.017045 0.018914
0 0.307851 0.420641 0.021694 0.038651
0 0.338068 0.433388 0.069731 0.075658
0 0.387138 0.390214 0.055269 0.068257
0 0.429494 0.273438 0.033574 0.045230
0 0.466942 0.259457 0.025826 0.030428
0 0.494318 0.252056 0.029959 0.030428
0 0.453771 0.365132 0.050103 0.065789
0 0.457386 0.323602 0.042872 0.037007
0 0.518079 0.464227 0.052686 0.087993
0 0.496643 0.654605 0.029442 0.049342
0 0.333161 0.601562 0.054752 0.060033
0 0.546746 0.394737 0.025310 0.034539
0 0.574897 0.310855 0.014463 0.019737
0 0.570506 0.231497 0.020145 0.017270
0 0.586260 0.436678 0.017562 0.026316
0 0.612603 0.457648 0.030992 0.022204
0 0.678719 0.287829 0.044421 0.057566
0 0.724948 0.340872 0.044938 0.066612
0 0.653409 0.542763 0.085744 0.069079
0 0.696281 0.496711 0.033058 0.047697
0 0.658574 0.386513 0.015496 0.016447
0 0.201188 0.526316 0.021178 0.019737
0 0.143079 0.462171 0.028926 0.021382
1 0.106663 0.469984 0.052169 0.023849
1 0.111570 0.416530 0.086777 0.030428
1 0.090134 0.364720 0.179236 0.037007
1 0.161415 0.533717 0.057335 0.031250
1 0.209969 0.471217 0.223657 0.054276
1 0.264463 0.421464 0.063017 0.027138
1 0.316116 0.393503 0.108471 0.038651
1 0.260847 0.328536 0.054752 0.015625
1 0.289514 0.307155 0.051136 0.010691
1 0.240186 0.247533 0.113636 0.039474
1 0.350465 0.289474 0.132748 0.024671
1 0.427169 0.266447 0.074380 0.011513
1 0.434401 0.253701 0.050620 0.010691
1 0.394628 0.376645 0.072314 0.041118
1 0.378616 0.344572 0.112603 0.031250
1 0.406767 0.506579 0.200930 0.087171
1 0.284607 0.627878 0.072314 0.063322
1 0.457386 0.671464 0.064566 0.045230
1 0.565599 0.589638 0.177686 0.082237
1 0.579287 0.476562 0.056302 0.020559
1 0.552944 0.454359 0.040806 0.022204
1 0.505940 0.405016 0.068698 0.018914
1 0.543647 0.319079 0.047004 0.014803
1 0.550362 0.232319 0.022211 0.012336
1 0.627066 0.300576 0.069215 0.033717
1 0.682335 0.513569 0.039256 0.038651
1 0.638946 0.393092 0.035124 0.013158
1 0.639721 0.370888 0.149277 0.042763
