0 0.240444 0.392681 0.062500 0.038651
0 0.273244 0.325247 0.041322 0.092928
0 0.291064 0.508635 0.031508 0.032072
0 0.383523 0.399260 0.033574 0.022204
0 0.438533 0.591694 0.060950 0.056743
0 0.426395 0.422286 0.064566 0.076480
0 0.468492 0.365954 0.050620 0.039474
0 0.366477 0.305921 0.019112 0.021382
0 0.390754 0.287418 0.022211 0.012336
0 0.373192 0.222862 0.050103 0.064145
0 0.446281 0.215049 0.021694 0.013980
0 0.532541 0.352385 0.053719 0.064967
0 0.534349 0.310033 0.051136 0.039474
0 0.499742 0.260691 0.033574 0.044408
0 0.534866 0.243010 0.031508 0.020559
0 0.560692 0.239720 0.023244 0.032072
0 0.604855 0.627878 0.039256 0.015625
0 0.611054 0.457237 0.055785 0.088816
0 0.628099 0.378701 0.037190 0.025493
0 0.632490 0.219572 0.017045 0.018092
0 0.649019 0.298931 0.017045 0.025493
0 0.674329 0.424342 0.016012 0.023026
0 0.700413 0.451480 0.025826 0.023026
0 0.748192 0.530428 0.092459 0.065789
0 0.792872 0.488898 0.039256 0.051809
0 0.737603 0.375411 0.016529 0.015625
0 0.801395 0.330592 0.054236 0.062500
0 0.750258 0.279194 0.050103 0.055099
1 0.419421 0.391447 0.048554 0.018092
1 0.277893 0.288240 0.030992 0.035362
1 0.590651 0.421875 0.014979 0.057566
1 0.728048 0.509046 0.038740 0.046053
1 0.782800 0.476974 0.032541 0.042763
