0 0.230114 0.450658 0.026343 0.023026
0 0.294163 0.511102 0.023244 0.025493
0 0.248450 0.403372 0.047521 0.048520
0 0.272986 0.326480 0.040806 0.093750
0 0.438275 0.587582 0.061467 0.056743
0 0.427944 0.423520 0.057335 0.080592
0 0.391271 0.400082 0.026343 0.030428
0 0.365444 0.307977 0.013946 0.027138
0 0.391012 0.288240 0.018595 0.018914
0 0.371126 0.219572 0.048037 0.060855
0 0.470816 0.378289 0.051136 0.067434
0 0.531250 0.354441 0.053202 0.060855
0 0.529700 0.312911 0.051136 0.040296
0 0.497934 0.262747 0.036157 0.045230
0 0.536415 0.245888 0.031508 0.032895
0 0.560434 0.237664 0.032025 0.031250
0 0.603048 0.627467 0.025310 0.023026
0 0.609762 0.451480 0.055269 0.087171
0 0.627841 0.380345 0.026343 0.025493
0 0.649535 0.298931 0.019112 0.025493
0 0.634298 0.219572 0.019628 0.016447
0 0.669421 0.423109 0.024793 0.023849
0 0.702221 0.446546 0.024277 0.024671
0 0.760847 0.532895 0.069215 0.069079
0 0.793130 0.492188 0.042872 0.060033
0 0.738120 0.372944 0.017562 0.015625
0 0.752841 0.274260 0.051136 0.053454
0 0.802169 0.330592 0.052686 0.067434
