0 0.160899 0.408717 0.061467 0.034539
0 0.195764 0.340872 0.048554 0.084704
0 0.332128 0.606497 0.063017 0.051809
0 0.337810 0.433799 0.064050 0.066612
0 0.303977 0.416118 0.018079 0.027961
0 0.294421 0.324424 0.012397 0.027138
0 0.318957 0.301398 0.017045 0.017270
0 0.308110 0.234786 0.055269 0.060033
0 0.429752 0.275493 0.037190 0.046053
0 0.379907 0.229030 0.021178 0.013980
0 0.494576 0.641036 0.028409 0.017270
0 0.517304 0.465461 0.052169 0.085526
0 0.384814 0.379523 0.050620 0.045230
0 0.453254 0.365543 0.045971 0.064967
0 0.457645 0.327303 0.047521 0.041118
0 0.468492 0.258635 0.029959 0.020559
0 0.493802 0.254112 0.029959 0.027961
0 0.545455 0.395559 0.023760 0.027961
0 0.611312 0.460115 0.022211 0.025493
0 0.586519 0.437500 0.013946 0.027961
0 0.574380 0.313322 0.020661 0.024671
0 0.568182 0.235609 0.016529 0.017270
0 0.649535 0.543586 0.081095 0.065789
0 0.692924 0.502878 0.037707 0.058388
0 0.655992 0.389803 0.013430 0.016447
0 0.679752 0.290296 0.053719 0.060855
0 0.723399 0.341694 0.053202 0.060033
0 0.198864 0.520970 0.020661 0.010691
