0 0.141012 0.463816 0.022727 0.019737
0 0.200155 0.525493 0.021178 0.019737
0 0.159091 0.407895 0.065083 0.039474
0 0.196539 0.342928 0.040806 0.095395
0 0.293130 0.323191 0.012913 0.027961
0 0.319731 0.303043 0.020661 0.012336
0 0.312242 0.233964 0.050103 0.058388
0 0.340651 0.438734 0.060434 0.078125
0 0.307335 0.409539 0.023760 0.014803
0 0.334452 0.603207 0.070764 0.060033
0 0.391271 0.390214 0.064566 0.074836
0 0.430785 0.274671 0.039256 0.049342
0 0.466942 0.255757 0.025826 0.029605
0 0.492769 0.252467 0.029959 0.031250
0 0.455320 0.365543 0.058368 0.066612
0 0.449380 0.325658 0.057851 0.039474
0 0.515496 0.463405 0.045455 0.087993
0 0.495351 0.639803 0.033058 0.023026
0 0.545196 0.395559 0.029442 0.032895
0 0.584194 0.437500 0.023760 0.027961
0 0.613120 0.460526 0.017562 0.021382
0 0.655733 0.540707 0.074897 0.064967
0 0.696798 0.500411 0.045455 0.058388
0 0.657025 0.385691 0.019628 0.018092
0 0.576963 0.310444 0.022727 0.023849
0 0.570764 0.232730 0.021694 0.014803
0 0.681302 0.288240 0.054752 0.053454
0 0.724174 0.343339 0.043388 0.071546
1 0.165548 0.525082 0.057335 0.020559
1 0.109504 0.463816 0.053719 0.023026
1 0.116219 0.407895 0.071281 0.037829
1 0.090909 0.341283 0.160124 0.090461
1 0.250775 0.438734 0.156508 0.063322
1 0.270919 0.410362 0.073864 0.023026
1 0.293130 0.603618 0.071798 0.047697
1 0.265754 0.316201 0.052169 0.020559
1 0.289256 0.298520 0.046488 0.019737
1 0.248192 0.233141 0.089360 0.071546
1 0.310950 0.384046 0.109504 0.046053
1 0.456095 0.643914 0.061983 0.016447
1 0.428202 0.471628 0.128099 0.073191
1 0.380165 0.365954 0.138430 0.064145
1 0.387138 0.322780 0.075930 0.040296
1 0.363636 0.271793 0.097107 0.050164
1 0.427686 0.257401 0.056818 0.032895
1 0.439824 0.239720 0.053202 0.023849
1 0.509039 0.395970 0.058368 0.028783
1 0.552944 0.437911 0.048037 0.020559
1 0.579029 0.459293 0.069215 0.023849
1 0.569731 0.544819 0.142562 0.045230
1 0.624483 0.506579 0.109504 0.044408
1 0.547521 0.312911 0.044421 0.025493
1 0.552686 0.228618 0.023760 0.018092
1 0.630165 0.383635 0.043388 0.023849
1 0.646178 0.338816 0.121901 0.057566
1 0.630424 0.283717 0.073864 0.050987
