0 0.138171 0.463405 0.023244 0.022204
0 0.156508 0.406250 0.050620 0.042763
0 0.194731 0.343339 0.040289 0.092928
0 0.186209 0.534539 0.034607 0.036184
0 0.334194 0.603207 0.053719 0.061678
0 0.301395 0.412007 0.017045 0.032895
0 0.337552 0.428865 0.064566 0.066612
0 0.292614 0.321135 0.018079 0.018914
0 0.319473 0.299753 0.017045 0.020559
0 0.306043 0.232730 0.047004 0.057566
0 0.426911 0.273849 0.034607 0.041118
0 0.467717 0.261102 0.033574 0.025493
0 0.491219 0.252056 0.026860 0.027138
0 0.386622 0.379934 0.048037 0.044408
0 0.456353 0.363898 0.053202 0.064967
0 0.457128 0.325658 0.037190 0.032895
0 0.482180 0.313734 0.012913 0.012336
0 0.514463 0.466283 0.045455 0.087171
0 0.546229 0.392681 0.026343 0.027138
0 0.586519 0.435033 0.010847 0.027961
0 0.611570 0.460526 0.022727 0.024671
0 0.574380 0.312089 0.015496 0.027138
0 0.566116 0.231497 0.015496 0.017270
0 0.655992 0.385280 0.013430 0.020559
0 0.646178 0.539062 0.069215 0.061678
0 0.694990 0.495066 0.038740 0.050987
0 0.680527 0.286595 0.049070 0.055099
0 0.727531 0.337993 0.051136 0.057566
