0 0.241736 0.388569 0.052686 0.048520
0 0.274019 0.325247 0.039773 0.092928
0 0.371126 0.218339 0.057335 0.055099
0 0.366736 0.307566 0.017562 0.031250
0 0.392304 0.285362 0.016012 0.024671
0 0.389721 0.407895 0.025310 0.039474
0 0.432593 0.421464 0.047004 0.073191
0 0.466684 0.390214 0.055269 0.091283
0 0.500000 0.261513 0.032025 0.057566
0 0.535640 0.243832 0.018595 0.030428
0 0.559143 0.237253 0.030475 0.038651
0 0.535124 0.350740 0.050620 0.060033
0 0.537707 0.311266 0.044421 0.040296
0 0.439050 0.590049 0.056818 0.056743
0 0.609504 0.451480 0.051653 0.100329
0 0.612603 0.644326 0.040289 0.050164
0 0.631457 0.385280 0.026343 0.035362
0 0.654959 0.300576 0.019628 0.035362
0 0.753099 0.277138 0.047521 0.059211
0 0.800362 0.328947 0.050103 0.074013
0 0.675362 0.423520 0.013946 0.026316
0 0.702738 0.448602 0.025310 0.028783
0 0.792355 0.483553 0.037190 0.050987
0 0.720041 0.520559 0.117769 0.065789
0 0.739153 0.372533 0.013430 0.016447
0 0.634298 0.217516 0.017562 0.018914
0 0.226756 0.449836 0.020661 0.021382
0 0.296229 0.508635 0.016012 0.020559
