0 0.158833 0.408306 0.057335 0.050164
0 0.197572 0.339227 0.041839 0.091283
0 0.309143 0.236431 0.050103 0.066612
0 0.293388 0.322368 0.017562 0.026316
0 0.320506 0.300576 0.017045 0.018914
0 0.307851 0.420641 0.021694 0.038651
0 0.338068 0.433388 0.069731 0.075658
0 0.387138 0.390214 0.055269 0.068257
0 0.429494 0.273438 0.033574 0.045230
0 0.466942 0.259457 0.025826 0.030428
0 0.494318 0.252056 0.029959 0.030428
0 0.453771 0.365132 0.050103 0.065789
0 0.457386 0.323602 0.042872 0.037007
0 0.518079 0.464227 0.052686 0.087993
0 0.496643 0.654605 0.029442 0.049342
0 0.333161 0.601562 0.054752 0.060033
0 0.546746 0.394737 0.025310 0.034539
0 0.574897 0.310855 0.014463 0.019737
0 0.570506 0.231497 0.020145 0.017270
0 0.586260 0.436678 0.017562 0.026316
0 0.612603 0.457648 0.030992 0.022204
0 0.678719 0.287829 0.044421 0.057566
0 0.724948 0.340872 0.044938 0.066612
0 0.653409 0.542763 0.085744 0.069079
0 0.696281 0.496711 0.033058 0.047697
0 0.658574 0.386513 0.015496 0.016447
0 0.201188 0.526316 0.021178 0.019737
0 0.143079 0.462171 0.028926 0.021382
