0 0.276860 0.703947 0.029959 0.037829
0 0.162448 0.569079 0.034607 0.041118
0 0.221849 0.541941 0.024277 0.019737
0 0.162707 0.527138 0.030992 0.037829
0 0.199638 0.492599 0.035640 0.044408
0 0.178719 0.460938 0.021694 0.022204
0 0.211002 0.453536 0.024277 0.020559
0 0.789514 0.311266 0.025310 0.030428
0 0.923037 0.506990 0.023760 0.035362
1 0.240702 0.683388 0.064050 0.072368
1 0.137655 0.551398 0.040806 0.055099
1 0.145145 0.511513 0.029959 0.031250
1 0.209969 0.534539 0.019112 0.024671
1 0.171746 0.481908 0.033574 0.050987
1 0.160124 0.450658 0.024793 0.018092
1 0.196539 0.443668 0.022211 0.028783
1 0.772986 0.298931 0.020145 0.033717
1 0.902118 0.491365 0.026343 0.045230
