0 0.166064 0.717928 0.029442 0.042763
0 0.066890 0.581003 0.033574 0.038651
0 0.129907 0.555921 0.022211 0.019737
0 0.075155 0.538240 0.036674 0.028783
0 0.111054 0.506990 0.038223 0.043586
0 0.095041 0.478618 0.023760 0.026316
0 0.131715 0.471628 0.028926 0.027138
0 0.724690 0.322368 0.020661 0.024671
0 0.838068 0.519326 0.023244 0.030428
1 0.179752 0.687089 0.029959 0.053454
1 0.078254 0.566201 0.024277 0.046875
1 0.080062 0.525082 0.033058 0.028783
1 0.134298 0.540707 0.022727 0.018914
1 0.124483 0.494243 0.032025 0.047697
1 0.097624 0.463816 0.021694 0.023026
1 0.136364 0.456414 0.033058 0.023026
1 0.848140 0.501234 0.020661 0.046875
1 0.732955 0.310033 0.018595 0.031250
