0 0.129907 0.472862 0.032541 0.027961
0 0.097624 0.473684 0.026860 0.021382
0 0.110279 0.510280 0.036674 0.045230
0 0.070506 0.581826 0.024277 0.038651
0 0.130424 0.554276 0.027376 0.023026
0 0.166064 0.723273 0.030475 0.055099
0 0.073864 0.538240 0.026860 0.035362
0 0.836777 0.517270 0.022727 0.029605
1 0.854597 0.565378 0.065599 0.074836
1 0.122934 0.791941 0.084711 0.121711
1 0.041064 0.626234 0.077996 0.058388
1 0.115961 0.578536 0.042872 0.040296
1 0.047521 0.570724 0.058884 0.049342
1 0.074380 0.543174 0.086777 0.043586
1 0.077996 0.485609 0.038223 0.022204
1 0.118543 0.484786 0.016012 0.009046
