0 0.163223 0.568257 0.032025 0.037829
0 0.164514 0.524260 0.036674 0.028783
0 0.220558 0.541118 0.020661 0.019737
0 0.197314 0.495477 0.033058 0.045230
0 0.176653 0.464227 0.019628 0.023849
0 0.210486 0.454359 0.027376 0.013980
0 0.276085 0.706414 0.028409 0.046053
0 0.923554 0.507812 0.025826 0.033717
0 0.788998 0.311678 0.023244 0.024671
1 0.930010 0.486842 0.018079 0.046053
1 0.794163 0.296053 0.021178 0.031250
1 0.285382 0.673931 0.029442 0.056743
1 0.171488 0.553865 0.020661 0.055099
1 0.223140 0.529194 0.020661 0.017270
1 0.167097 0.509046 0.031508 0.023026
1 0.209969 0.469161 0.027376 0.032072
1 0.214618 0.436678 0.031508 0.019737
1 0.178977 0.448191 0.024277 0.021382
