0 0.164514 0.717105 0.026343 0.044408
0 0.069473 0.580592 0.034607 0.041118
0 0.131198 0.553454 0.021694 0.021382
0 0.075413 0.539062 0.034091 0.035362
0 0.111054 0.506168 0.039256 0.045230
0 0.126033 0.465872 0.023760 0.013980
0 0.100465 0.476974 0.025310 0.019737
0 0.724690 0.323191 0.023760 0.029605
0 0.838068 0.519326 0.025310 0.033717
1 0.819990 0.501645 0.025310 0.049342
1 0.710486 0.310444 0.016012 0.041941
1 0.134298 0.692845 0.056818 0.073191
1 0.046488 0.568257 0.029959 0.050987
1 0.061209 0.524260 0.035640 0.022204
1 0.086260 0.493421 0.029959 0.055921
1 0.085486 0.467516 0.030475 0.022204
1 0.115186 0.458470 0.021694 0.022204
