0 0.162707 0.568668 0.024793 0.041941
0 0.196281 0.492599 0.034091 0.041118
0 0.217975 0.539474 0.024793 0.018092
0 0.276860 0.715049 0.030992 0.063322
0 0.178461 0.462993 0.022211 0.021382
0 0.163998 0.524671 0.036674 0.032895
0 0.213326 0.460526 0.024793 0.027961
0 0.923812 0.512747 0.027376 0.043586
1 0.950671 0.559622 0.059401 0.068257
1 0.247934 0.783717 0.080579 0.115132
1 0.115702 0.630757 0.099174 0.097039
1 0.204545 0.568668 0.043388 0.041941
1 0.133523 0.555921 0.052169 0.044408
1 0.160640 0.544819 0.091942 0.037007
1 0.162448 0.476974 0.024277 0.027961
1 0.198605 0.464227 0.024277 0.027138
