0 0.337552 0.309622 0.017045 0.015625
0 0.295196 0.264803 0.013946 0.011513
0 0.258523 0.256168 0.021178 0.015625
0 0.277893 0.243832 0.020661 0.025493
0 0.260331 0.233141 0.014463 0.012336
0 0.284091 0.230263 0.012397 0.009868
0 0.668905 0.170641 0.015496 0.018914
0 0.730888 0.254112 0.016529 0.019737
1 0.345041 0.304276 0.009298 0.011513
1 0.286157 0.235197 0.011364 0.013158
1 0.260589 0.249589 0.016012 0.007401
1 0.286415 0.223273 0.011880 0.005757
1 0.741994 0.247122 0.019112 0.018914
1 0.677169 0.164062 0.009298 0.017270
1 0.263430 0.228207 0.011364 0.009046
1 0.296746 0.260691 0.009814 0.006579
