0 0.337810 0.310444 0.017562 0.020559
0 0.296229 0.266036 0.012913 0.015625
0 0.280733 0.244655 0.017045 0.023849
0 0.257748 0.254934 0.016529 0.013158
0 0.283833 0.226974 0.012913 0.009868
0 0.730888 0.252056 0.017562 0.018914
0 0.670196 0.167352 0.011880 0.018914
1 0.721333 0.247122 0.010847 0.018914
1 0.661674 0.162007 0.011364 0.016447
1 0.313275 0.309622 0.038740 0.018914
1 0.284091 0.264391 0.015496 0.012336
1 0.256973 0.237664 0.029442 0.021382
1 0.270919 0.227796 0.011880 0.013158
1 0.244576 0.251645 0.016012 0.018092
