0 0.379907 0.670230 0.014979 0.029605
0 0.477789 0.664062 0.051653 0.055099
0 0.521694 0.712582 0.037190 0.038651
0 0.553977 0.649260 0.018079 0.037007
0 0.609762 0.695312 0.027376 0.045230
0 0.818698 0.567845 0.022727 0.037007
0 0.272727 0.212171 0.018595 0.021382
0 0.573864 0.216283 0.020661 0.026316
1 0.337293 0.687911 0.076446 0.050164
1 0.403151 0.707237 0.120351 0.060855
1 0.483471 0.731497 0.053719 0.058388
1 0.560692 0.731497 0.091426 0.058388
1 0.528926 0.662829 0.048554 0.044408
1 0.541064 0.224918 0.057335 0.015625
1 0.230630 0.222451 0.065599 0.017270
0 0.386880 0.708470 0.032025 0.028783
1 0.351498 0.724918 0.068698 0.045230
