0 0.387913 0.709293 0.033058 0.030428
0 0.378099 0.668586 0.021694 0.029605
0 0.518853 0.716694 0.026343 0.037007
0 0.472624 0.667763 0.044421 0.060855
0 0.554752 0.651727 0.027893 0.040296
0 0.610021 0.697368 0.022727 0.046053
0 0.824122 0.565378 0.034607 0.035362
0 0.572056 0.216694 0.022211 0.023849
1 0.407541 0.730674 0.043388 0.035362
1 0.401860 0.694901 0.049587 0.023026
1 0.559401 0.750411 0.065083 0.056743
1 0.543647 0.713816 0.129649 0.100329
1 0.577221 0.673109 0.051136 0.033717
1 0.688791 0.746299 0.144112 0.106086
1 0.893853 0.604030 0.115186 0.050164
1 0.612603 0.224507 0.058884 0.013158
