0 0.268079 0.685033 0.021694 0.034539
0 0.360795 0.675576 0.054236 0.060033
0 0.441890 0.659539 0.022211 0.029605
0 0.401601 0.723684 0.038740 0.034539
0 0.494576 0.708470 0.026343 0.043586
0 0.715909 0.579359 0.020661 0.045230
0 0.506715 0.229441 0.020661 0.026316
0 0.208419 0.231497 0.021178 0.027138
1 0.171488 0.238487 0.064050 0.018092
1 0.473915 0.237664 0.052169 0.018092
1 0.661415 0.614309 0.093492 0.098684
1 0.432076 0.752878 0.113120 0.074836
1 0.358213 0.745477 0.054236 0.053454
1 0.416322 0.681332 0.047521 0.041941
1 0.272469 0.730263 0.136880 0.083882
1 0.223399 0.702303 0.068698 0.054276
1 0.229339 0.738898 0.074380 0.051809
