0 0.272469 0.721217 0.035640 0.034539
0 0.267820 0.680921 0.018079 0.027961
0 0.357955 0.676809 0.043388 0.062500
0 0.397986 0.725740 0.021178 0.032072
0 0.440857 0.665707 0.026343 0.038651
0 0.491736 0.708470 0.020661 0.043586
0 0.723399 0.583882 0.040806 0.049342
0 0.505940 0.229030 0.021178 0.023849
1 0.289514 0.740543 0.042872 0.025493
1 0.292614 0.702303 0.044938 0.039474
1 0.422262 0.749589 0.044938 0.045230
1 0.420455 0.728207 0.132231 0.115954
1 0.466426 0.685444 0.052686 0.033717
1 0.566374 0.753701 0.131715 0.107730
1 0.789773 0.615543 0.098140 0.050164
1 0.548812 0.238487 0.064566 0.019737
