0 0.271694 0.679688 0.019628 0.027138
0 0.361312 0.677632 0.047004 0.064145
0 0.402893 0.722451 0.035124 0.043586
0 0.438533 0.666530 0.023760 0.038651
0 0.497159 0.712582 0.024277 0.043586
0 0.716942 0.577303 0.023760 0.037829
0 0.509039 0.232319 0.020145 0.027138
0 0.207645 0.229441 0.019628 0.026316
1 0.243027 0.676809 0.038740 0.016447
1 0.272727 0.694079 0.151860 0.037829
1 0.364153 0.726974 0.063017 0.027961
1 0.412707 0.669408 0.036157 0.032895
1 0.450671 0.722451 0.074897 0.023849
1 0.666581 0.585115 0.077996 0.030428
1 0.475465 0.230263 0.052169 0.042763
1 0.177944 0.231908 0.055269 0.029605
