0 0.390496 0.708470 0.032025 0.027138
0 0.379132 0.667763 0.019628 0.021382
0 0.478564 0.665707 0.051136 0.068257
0 0.521436 0.712171 0.034607 0.036184
0 0.554494 0.649260 0.022211 0.030428
0 0.613378 0.698602 0.024277 0.045230
0 0.819990 0.568668 0.022211 0.043586
0 0.271178 0.213405 0.020661 0.027138
0 0.573089 0.217516 0.023244 0.030428
1 0.353048 0.714227 0.069731 0.027138
1 0.345300 0.672286 0.058368 0.027138
1 0.383264 0.675576 0.167355 0.040296
1 0.530733 0.657072 0.042872 0.037829
1 0.482180 0.717516 0.063533 0.035362
1 0.567924 0.707648 0.080062 0.028783
1 0.539773 0.215872 0.055785 0.030428
1 0.237087 0.215049 0.054752 0.030428
1 0.765496 0.570312 0.083678 0.022204
