0 0.320764 0.702714 0.034091 0.050164
0 0.319731 0.583470 0.029959 0.035362
0 0.419680 0.550987 0.026343 0.027961
0 0.362345 0.336349 0.027376 0.029605
0 0.461002 0.399260 0.045971 0.030428
0 0.558110 0.466694 0.183368 0.198191
0 0.642045 0.718750 0.039256 0.039474
0 0.244318 0.456826 0.015496 0.025493
0 0.621384 0.289474 0.033058 0.031250
0 0.732438 0.538240 0.023760 0.028783
0 0.747676 0.410362 0.030475 0.019737
0 0.699638 0.347451 0.023244 0.017270
1 0.322572 0.567845 0.021178 0.015625
1 0.321281 0.680921 0.024793 0.016447
1 0.529442 0.398438 0.115702 0.096217
1 0.635072 0.700658 0.024277 0.024671
