0 0.213068 0.716694 0.030475 0.046875
0 0.225207 0.596628 0.028926 0.035362
0 0.165031 0.465049 0.020145 0.023849
0 0.325155 0.566201 0.026343 0.027138
0 0.294421 0.350329 0.018595 0.031250
0 0.466942 0.482730 0.175620 0.195724
0 0.526601 0.729441 0.042872 0.052632
0 0.638430 0.550164 0.023760 0.026316
0 0.556818 0.301398 0.029959 0.035362
0 0.667097 0.417763 0.016012 0.016447
0 0.630165 0.358141 0.016529 0.020559
0 0.784091 0.334704 0.023760 0.026316
0 0.818698 0.628701 0.027893 0.030428
0 0.927169 0.552632 0.043388 0.052632
0 0.896178 0.469984 0.020661 0.028783
0 0.889721 0.388980 0.022211 0.024671
1 0.176395 0.693668 0.063533 0.076480
1 0.206353 0.586349 0.033574 0.049342
1 0.154959 0.460938 0.020661 0.030428
1 0.305785 0.552632 0.030992 0.039474
1 0.281767 0.340461 0.043905 0.032895
1 0.372159 0.432155 0.139979 0.277138
1 0.490702 0.713816 0.048554 0.072368
1 0.616219 0.540296 0.028926 0.050987
1 0.536932 0.290296 0.027376 0.046053
1 0.619060 0.352385 0.018079 0.025493
1 0.652118 0.412007 0.025310 0.021382
1 0.798295 0.618010 0.034607 0.030428
1 0.771178 0.323602 0.018595 0.027138
1 0.900310 0.531250 0.039256 0.059211
1 0.883264 0.453947 0.020661 0.024671
1 0.886622 0.376645 0.038740 0.019737
