0 0.213068 0.716694 0.030475 0.046875
0 0.225207 0.596628 0.028926 0.035362
0 0.165031 0.465049 0.020145 0.023849
0 0.325155 0.566201 0.026343 0.027138
0 0.294421 0.350329 0.018595 0.031250
0 0.466942 0.482730 0.175620 0.195724
0 0.526601 0.729441 0.042872 0.052632
0 0.638430 0.550164 0.023760 0.026316
0 0.556818 0.301398 0.029959 0.035362
0 0.667097 0.417763 0.016012 0.016447
0 0.630165 0.358141 0.016529 0.020559
0 0.784091 0.334704 0.023760 0.026316
0 0.818698 0.628701 0.027893 0.030428
0 0.927169 0.552632 0.043388 0.052632
0 0.896178 0.469984 0.020661 0.028783
0 0.889721 0.388980 0.022211 0.024671
