0 0.211002 0.717105 0.032541 0.046053
0 0.225981 0.595395 0.027376 0.026316
0 0.166839 0.463405 0.022727 0.022204
0 0.182076 0.544408 0.025310 0.026316
0 0.292614 0.347039 0.016012 0.024671
0 0.347882 0.356908 0.024277 0.018092
0 0.384039 0.411595 0.037707 0.028783
0 0.318698 0.562500 0.037190 0.023026
0 0.526085 0.728207 0.036674 0.041941
0 0.465909 0.497122 0.172521 0.217928
0 0.626033 0.358553 0.023760 0.021382
0 0.637397 0.551398 0.026860 0.027138
0 0.803977 0.632401 0.055269 0.032895
0 0.934917 0.554276 0.055785 0.050987
0 0.782541 0.331826 0.021694 0.015625
0 0.891012 0.386924 0.028926 0.018914
1 0.182076 0.801398 0.112087 0.130757
1 0.209452 0.637747 0.057335 0.066612
1 0.171229 0.576480 0.050103 0.047697
1 0.152118 0.484786 0.034607 0.022204
1 0.314824 0.597039 0.043905 0.046053
1 0.279959 0.366365 0.029959 0.020559
1 0.346591 0.370066 0.016529 0.009868
1 0.378616 0.438322 0.044421 0.029605
1 0.425103 0.796464 0.241736 0.393914
1 0.518595 0.808799 0.040289 0.120888
1 0.642045 0.587993 0.029959 0.050987
1 0.631198 0.372533 0.013430 0.009868
1 0.813533 0.667763 0.070248 0.041118
1 0.787965 0.349095 0.031508 0.018914
1 0.893853 0.404194 0.039773 0.018914
1 0.955062 0.626234 0.089876 0.091283
