0 0.321281 0.704359 0.030992 0.050164
0 0.319990 0.584704 0.029442 0.029605
0 0.360795 0.334293 0.014979 0.030428
0 0.419163 0.551398 0.027376 0.028783
0 0.457128 0.399260 0.041322 0.030428
0 0.639979 0.718339 0.035124 0.043586
0 0.547262 0.466694 0.146178 0.196546
0 0.620868 0.290707 0.030992 0.037007
0 0.738120 0.541530 0.032025 0.028783
0 0.748192 0.408306 0.014979 0.018914
0 0.699897 0.347451 0.023760 0.022204
0 0.853564 0.324013 0.026343 0.019737
0 0.967459 0.379112 0.022727 0.026316
0 0.982955 0.455592 0.021694 0.023026
0 0.919680 0.613898 0.019112 0.030428
0 0.605888 0.456003 0.034091 0.030428
1 0.372934 0.723684 0.085744 0.039474
1 0.357438 0.592928 0.049587 0.021382
1 0.457903 0.560033 0.051136 0.031250
1 0.388946 0.336349 0.037190 0.016447
1 0.703254 0.742599 0.093492 0.049342
1 0.734504 0.523849 0.285124 0.090461
1 0.780992 0.544819 0.077479 0.028783
1 0.621643 0.453125 0.021178 0.019737
1 0.668647 0.289062 0.069731 0.025493
1 0.730630 0.349095 0.040806 0.017270
1 0.768595 0.410362 0.030992 0.016447
1 0.882490 0.319901 0.032541 0.019737
1 0.944215 0.622533 0.032025 0.023026
1 0.985795 0.379112 0.021178 0.024671
1 0.995610 0.459704 0.008781 0.023026
