0 0.323089 0.705592 0.031508 0.049342
0 0.320248 0.584293 0.028926 0.030428
0 0.243802 0.454359 0.017562 0.025493
0 0.418905 0.554276 0.024793 0.027961
0 0.362862 0.335115 0.018079 0.033717
0 0.557076 0.471628 0.187500 0.199836
0 0.639463 0.715872 0.051653 0.048520
0 0.621901 0.290707 0.032025 0.037007
0 0.698605 0.345395 0.021178 0.019737
0 0.733988 0.538651 0.024793 0.026316
0 0.749225 0.407895 0.022211 0.018092
0 0.854081 0.322368 0.027376 0.024671
0 0.923037 0.618421 0.026860 0.026316
0 0.981663 0.458059 0.025310 0.029605
0 0.966426 0.377467 0.022727 0.026316
1 0.279700 0.678454 0.075930 0.078947
1 0.296488 0.572780 0.034091 0.051809
1 0.227273 0.443257 0.024793 0.036184
1 0.348140 0.321546 0.044421 0.026316
1 0.396178 0.542352 0.030992 0.045230
1 0.443698 0.389803 0.157025 0.238487
1 0.609504 0.699424 0.058884 0.068257
1 0.599432 0.275493 0.032541 0.036184
1 0.691116 0.335115 0.019628 0.027138
1 0.732696 0.401316 0.030475 0.027961
1 0.707645 0.523849 0.034091 0.046053
1 0.897469 0.606497 0.030475 0.030428
1 0.841684 0.315378 0.022211 0.025493
1 0.957645 0.365132 0.027893 0.024671
1 0.966167 0.442023 0.027376 0.022204
1 0.986829 0.523849 0.026343 0.062500
