0 0.321539 0.702714 0.034607 0.046875
0 0.319215 0.585115 0.032025 0.032072
0 0.244060 0.446546 0.019112 0.018092
0 0.362087 0.332237 0.018595 0.027961
0 0.413481 0.555510 0.038740 0.030428
0 0.457386 0.400493 0.039773 0.032895
0 0.555785 0.475740 0.175620 0.199836
0 0.640238 0.716283 0.042872 0.042763
0 0.733213 0.536595 0.025310 0.030428
0 0.701188 0.345395 0.021178 0.021382
0 0.852531 0.319901 0.024277 0.023026
0 0.918647 0.620477 0.033574 0.032072
0 0.272469 0.534539 0.034607 0.029605
0 0.416839 0.342928 0.021694 0.016447
0 0.967975 0.377056 0.029959 0.020559
0 0.737087 0.410362 0.027893 0.021382
1 0.297779 0.790707 0.091426 0.138980
1 0.303202 0.629523 0.054752 0.069901
1 0.262397 0.557566 0.048554 0.032895
1 0.235537 0.470395 0.037190 0.024671
1 0.412707 0.586760 0.037190 0.035362
1 0.452996 0.428454 0.039256 0.023026
1 0.414773 0.356086 0.015496 0.009868
1 0.346074 0.354441 0.025826 0.023026
1 0.544680 0.763569 0.216426 0.382401
1 0.641271 0.799753 0.054236 0.125822
1 0.741477 0.577714 0.031508 0.055099
1 0.705062 0.360609 0.014463 0.010691
1 0.746901 0.427632 0.023760 0.013158
1 0.926653 0.657484 0.056818 0.041941
1 0.863120 0.338405 0.025826 0.018914
1 0.975723 0.397615 0.035124 0.018914
