0 0.163740 0.467516 0.017562 0.027138
0 0.224432 0.597039 0.031508 0.031250
0 0.210227 0.717928 0.035124 0.050987
0 0.325413 0.564145 0.021694 0.027961
0 0.291581 0.349507 0.014979 0.026316
0 0.383523 0.411595 0.043905 0.027138
0 0.521952 0.726562 0.041839 0.041941
0 0.467975 0.482319 0.172521 0.193257
0 0.636880 0.551398 0.028926 0.028783
0 0.627583 0.358964 0.019628 0.020559
0 0.553461 0.299753 0.031508 0.028783
0 0.667355 0.419408 0.019628 0.016447
0 0.781250 0.334704 0.021178 0.024671
0 0.927686 0.553454 0.042355 0.049342
0 0.886622 0.386924 0.021178 0.027138
0 0.894628 0.469161 0.021694 0.030428
0 0.808110 0.631579 0.044938 0.027961
