0 0.321281 0.704359 0.030992 0.050164
0 0.319990 0.584704 0.029442 0.029605
0 0.360795 0.334293 0.014979 0.030428
0 0.419163 0.551398 0.027376 0.028783
0 0.457128 0.399260 0.041322 0.030428
0 0.639979 0.718339 0.035124 0.043586
0 0.547262 0.466694 0.146178 0.196546
0 0.620868 0.290707 0.030992 0.037007
0 0.738120 0.541530 0.032025 0.028783
0 0.748192 0.408306 0.014979 0.018914
0 0.699897 0.347451 0.023760 0.022204
0 0.853564 0.324013 0.026343 0.019737
0 0.967459 0.379112 0.022727 0.026316
0 0.982955 0.455592 0.021694 0.023026
0 0.919680 0.613898 0.019112 0.030428
0 0.605888 0.456003 0.034091 0.030428
