0 0.211002 0.717105 0.032541 0.046053
0 0.225981 0.595395 0.027376 0.026316
0 0.166839 0.463405 0.022727 0.022204
0 0.182076 0.544408 0.025310 0.026316
0 0.292614 0.347039 0.016012 0.024671
0 0.347882 0.356908 0.024277 0.018092
0 0.384039 0.411595 0.037707 0.028783
0 0.318698 0.562500 0.037190 0.023026
0 0.526085 0.728207 0.036674 0.041941
0 0.465909 0.497122 0.172521 0.217928
0 0.626033 0.358553 0.023760 0.021382
0 0.637397 0.551398 0.026860 0.027138
0 0.803977 0.632401 0.055269 0.032895
0 0.934917 0.554276 0.055785 0.050987
0 0.782541 0.331826 0.021694 0.015625
0 0.891012 0.386924 0.028926 0.018914
