0 0.322572 0.705181 0.032541 0.046875
0 0.318182 0.585115 0.032025 0.028783
0 0.241219 0.453125 0.019628 0.026316
0 0.361054 0.333882 0.010331 0.023026
0 0.460486 0.398849 0.038740 0.031250
0 0.417097 0.550576 0.022211 0.032072
0 0.623709 0.286595 0.031508 0.032072
0 0.641271 0.715049 0.039773 0.045230
0 0.732438 0.538240 0.023760 0.028783
0 0.701188 0.348273 0.022211 0.023849
0 0.747159 0.407895 0.023244 0.014803
0 0.852789 0.325658 0.023760 0.019737
0 0.908316 0.620477 0.053202 0.023849
0 0.982180 0.457237 0.018079 0.018092
0 0.963843 0.376645 0.019628 0.024671
0 0.558626 0.469572 0.180269 0.195724
1 0.335744 0.668997 0.032025 0.079770
1 0.325413 0.557566 0.034091 0.037829
1 0.428719 0.528783 0.027893 0.041118
1 0.249225 0.435855 0.016012 0.023026
1 0.341942 0.331003 0.036157 0.017270
1 0.463326 0.378289 0.039256 0.041118
1 0.576705 0.376645 0.158574 0.268092
1 0.629390 0.269737 0.034607 0.031250
1 0.648502 0.685855 0.037707 0.065789
1 0.739669 0.520970 0.027893 0.040296
1 0.754649 0.397204 0.033058 0.021382
1 0.703254 0.330592 0.017045 0.026316
1 0.856405 0.311266 0.028926 0.025493
1 0.912448 0.601151 0.051136 0.039474
1 0.971074 0.363898 0.037190 0.018914
1 0.985021 0.439145 0.022727 0.029605
