0 0.163740 0.467516 0.017562 0.027138
0 0.224432 0.597039 0.031508 0.031250
0 0.210227 0.717928 0.035124 0.050987
0 0.325413 0.564145 0.021694 0.027961
0 0.291581 0.349507 0.014979 0.026316
0 0.383523 0.411595 0.043905 0.027138
0 0.521952 0.726562 0.041839 0.041941
0 0.467975 0.482319 0.172521 0.193257
0 0.636880 0.551398 0.028926 0.028783
0 0.627583 0.358964 0.019628 0.020559
0 0.553461 0.299753 0.031508 0.028783
0 0.667355 0.419408 0.019628 0.016447
0 0.781250 0.334704 0.021178 0.024671
0 0.927686 0.553454 0.042355 0.049342
0 0.886622 0.386924 0.021178 0.027138
0 0.894628 0.469161 0.021694 0.030428
1 0.173554 0.451891 0.013430 0.027138
1 0.239928 0.568257 0.036674 0.034539
1 0.230114 0.684622 0.032541 0.081414
1 0.337293 0.544819 0.028926 0.045230
1 0.280992 0.339638 0.054752 0.034539
1 0.395919 0.394326 0.030475 0.046875
1 0.523244 0.696135 0.071281 0.056743
1 0.565857 0.284951 0.025310 0.032072
1 0.494576 0.389391 0.157541 0.268914
1 0.634039 0.345395 0.016012 0.021382
1 0.646694 0.532484 0.024793 0.038651
1 0.675878 0.411184 0.028409 0.029605
1 0.788223 0.323602 0.020661 0.027138
1 0.891529 0.373355 0.041322 0.021382
1 0.900310 0.455181 0.020661 0.025493
1 0.936209 0.523026 0.043905 0.054276
0 0.810434 0.629934 0.039256 0.023026
1 0.813791 0.613487 0.044938 0.039474
