0 0.210486 0.718339 0.025310 0.055099
0 0.223915 0.596628 0.028409 0.030428
0 0.324380 0.564556 0.027893 0.028783
0 0.292097 0.347451 0.018079 0.025493
0 0.385331 0.409128 0.028926 0.028783
0 0.523502 0.730674 0.036674 0.045230
0 0.454029 0.483964 0.149793 0.196546
0 0.553202 0.300987 0.033058 0.034539
0 0.636105 0.547286 0.022211 0.023849
0 0.625000 0.356086 0.018595 0.019737
0 0.667097 0.418997 0.018079 0.013980
0 0.931043 0.551398 0.052169 0.053454
0 0.897469 0.470395 0.023244 0.026316
0 0.886105 0.385691 0.020145 0.021382
0 0.782541 0.332237 0.026860 0.019737
0 0.817407 0.631579 0.018079 0.029605
1 0.258523 0.736020 0.084194 0.044408
1 0.261622 0.608964 0.047004 0.025493
1 0.363895 0.573191 0.052169 0.031250
1 0.321281 0.352385 0.041322 0.018914
1 0.420455 0.418997 0.050620 0.020559
1 0.588326 0.754523 0.090909 0.045230
1 0.688017 0.557155 0.077479 0.032072
1 0.763688 0.531250 0.472624 0.093750
1 0.871643 0.642270 0.089360 0.037829
1 0.601240 0.304276 0.081612 0.026316
1 0.655992 0.361020 0.046488 0.018092
1 0.692149 0.422286 0.030992 0.017270
1 0.812500 0.337582 0.044421 0.018914
1 0.909091 0.388158 0.023760 0.021382
1 0.929494 0.471217 0.047004 0.024671
1 0.978306 0.566612 0.043388 0.034539
