0 0.210486 0.718339 0.025310 0.055099
0 0.223915 0.596628 0.028409 0.030428
0 0.324380 0.564556 0.027893 0.028783
0 0.292097 0.347451 0.018079 0.025493
0 0.385331 0.409128 0.028926 0.028783
0 0.523502 0.730674 0.036674 0.045230
0 0.454029 0.483964 0.149793 0.196546
0 0.553202 0.300987 0.033058 0.034539
0 0.636105 0.547286 0.022211 0.023849
0 0.625000 0.356086 0.018595 0.019737
0 0.667097 0.418997 0.018079 0.013980
0 0.931043 0.551398 0.052169 0.053454
0 0.897469 0.470395 0.023244 0.026316
0 0.886105 0.385691 0.020145 0.021382
0 0.782541 0.332237 0.026860 0.019737
0 0.817407 0.631579 0.018079 0.029605
