0 0.321539 0.702714 0.034607 0.046875
0 0.319215 0.585115 0.032025 0.032072
0 0.244060 0.446546 0.019112 0.018092
0 0.362087 0.332237 0.018595 0.027961
0 0.413481 0.555510 0.038740 0.030428
0 0.457386 0.400493 0.039773 0.032895
0 0.555785 0.475740 0.175620 0.199836
0 0.640238 0.716283 0.042872 0.042763
0 0.733213 0.536595 0.025310 0.030428
0 0.701188 0.345395 0.021178 0.021382
0 0.852531 0.319901 0.024277 0.023026
0 0.918647 0.620477 0.033574 0.032072
0 0.272469 0.534539 0.034607 0.029605
0 0.416839 0.342928 0.021694 0.016447
0 0.967975 0.377056 0.029959 0.020559
0 0.737087 0.410362 0.027893 0.021382
