0 0.322572 0.705181 0.032541 0.046875
0 0.318182 0.585115 0.032025 0.028783
0 0.241219 0.453125 0.019628 0.026316
0 0.361054 0.333882 0.010331 0.023026
0 0.460486 0.398849 0.038740 0.031250
0 0.417097 0.550576 0.022211 0.032072
0 0.623709 0.286595 0.031508 0.032072
0 0.641271 0.715049 0.039773 0.045230
0 0.732438 0.538240 0.023760 0.028783
0 0.701188 0.348273 0.022211 0.023849
0 0.747159 0.407895 0.023244 0.014803
0 0.852789 0.325658 0.023760 0.019737
0 0.908316 0.620477 0.053202 0.023849
0 0.982180 0.457237 0.018079 0.018092
0 0.963843 0.376645 0.019628 0.024671
0 0.558626 0.469572 0.180269 0.195724
