0 0.323089 0.705592 0.031508 0.049342
0 0.320248 0.584293 0.028926 0.030428
0 0.243802 0.454359 0.017562 0.025493
0 0.418905 0.554276 0.024793 0.027961
0 0.362862 0.335115 0.018079 0.033717
0 0.557076 0.471628 0.187500 0.199836
0 0.639463 0.715872 0.051653 0.048520
0 0.621901 0.290707 0.032025 0.037007
0 0.698605 0.345395 0.021178 0.019737
0 0.733988 0.538651 0.024793 0.026316
0 0.749225 0.407895 0.022211 0.018092
0 0.854081 0.322368 0.027376 0.024671
0 0.923037 0.618421 0.026860 0.026316
0 0.981663 0.458059 0.025310 0.029605
0 0.966426 0.377467 0.022727 0.026316
