0 0.301395 0.251234 0.012913 0.017270
0 0.363378 0.296053 0.019112 0.018092
0 0.373192 0.331414 0.023244 0.023026
0 0.373450 0.193668 0.012397 0.018914
0 0.422262 0.280428 0.014979 0.014803
0 0.442924 0.217928 0.025310 0.019737
0 0.508006 0.224507 0.112087 0.106908
0 0.554236 0.321135 0.022727 0.020559
0 0.549845 0.159128 0.020145 0.020559
0 0.613120 0.263980 0.016529 0.014803
0 0.602014 0.187911 0.012913 0.012336
0 0.628099 0.212993 0.016529 0.008224
0 0.704545 0.172286 0.015496 0.015625
0 0.771436 0.224095 0.012913 0.013980
0 0.718492 0.286595 0.017562 0.013980
0 0.784607 0.256168 0.024793 0.032072
0 0.772469 0.192434 0.010847 0.014803
