0 0.301911 0.251234 0.012913 0.020559
0 0.364411 0.295641 0.014979 0.018914
0 0.374483 0.330592 0.017562 0.026316
0 0.372417 0.192434 0.009298 0.018092
0 0.422262 0.279605 0.014979 0.018092
0 0.554752 0.322368 0.022727 0.023026
0 0.505940 0.225740 0.114153 0.112664
0 0.550878 0.160773 0.020145 0.023849
0 0.613636 0.262336 0.017562 0.016447
0 0.602789 0.186266 0.009298 0.010691
0 0.630165 0.211349 0.014463 0.013158
0 0.785640 0.254112 0.025826 0.031250
0 0.771178 0.190789 0.011364 0.009868
0 0.772469 0.222862 0.012913 0.013158
0 0.705320 0.171464 0.013946 0.013980
