0 0.301395 0.251234 0.012913 0.017270
0 0.363378 0.296053 0.019112 0.018092
0 0.373192 0.331414 0.023244 0.023026
0 0.373450 0.193668 0.012397 0.018914
0 0.422262 0.280428 0.014979 0.014803
0 0.442924 0.217928 0.025310 0.019737
0 0.508006 0.224507 0.112087 0.106908
0 0.554236 0.321135 0.022727 0.020559
0 0.549845 0.159128 0.020145 0.020559
0 0.613120 0.263980 0.016529 0.014803
0 0.602014 0.187911 0.012913 0.012336
0 0.628099 0.212993 0.016529 0.008224
0 0.704545 0.172286 0.015496 0.015625
0 0.771436 0.224095 0.012913 0.013980
0 0.718492 0.286595 0.017562 0.013980
0 0.784607 0.256168 0.024793 0.032072
0 0.772469 0.192434 0.010847 0.014803
1 0.380424 0.322368 0.010847 0.019737
1 0.306302 0.243421 0.010331 0.011513
1 0.370351 0.287829 0.010331 0.011513
1 0.428202 0.275493 0.018595 0.019737
1 0.376550 0.184211 0.011364 0.013158
1 0.451188 0.208470 0.013946 0.015625
1 0.559659 0.151727 0.016012 0.020559
1 0.523502 0.204770 0.099690 0.129934
1 0.634298 0.208882 0.012397 0.011513
1 0.564566 0.317845 0.014463 0.018914
1 0.619835 0.257401 0.008264 0.013158
1 0.727273 0.283717 0.012397 0.016447
1 0.797779 0.250000 0.021178 0.034539
1 0.713585 0.169408 0.004649 0.008224
1 0.776601 0.221628 0.007748 0.015625
1 0.780217 0.189556 0.008781 0.002467
