0 0.372159 0.332237 0.018079 0.029605
0 0.361570 0.295230 0.020661 0.019737
0 0.371126 0.191201 0.011880 0.018914
0 0.411157 0.197368 0.012397 0.009868
0 0.420971 0.279605 0.017562 0.018092
0 0.553202 0.321546 0.022727 0.021382
0 0.442407 0.217516 0.024277 0.020559
0 0.508781 0.227385 0.113636 0.114309
0 0.612345 0.259868 0.014979 0.018092
0 0.551136 0.160362 0.021694 0.021382
0 0.788998 0.254934 0.031508 0.031250
0 0.715393 0.292763 0.020661 0.019737
0 0.602531 0.187089 0.017045 0.015625
0 0.771436 0.191612 0.010847 0.011513
0 0.772469 0.225329 0.013946 0.014803
0 0.705837 0.171053 0.012913 0.014803
1 0.404700 0.338816 0.044938 0.019737
1 0.385331 0.298931 0.032025 0.010691
1 0.389205 0.194901 0.024277 0.013158
1 0.424845 0.197780 0.016012 0.007401
1 0.448605 0.284951 0.036674 0.015625
1 0.588843 0.328536 0.052686 0.013980
1 0.642562 0.265214 0.051653 0.012336
1 0.669680 0.257401 0.212293 0.044408
1 0.582645 0.162829 0.042355 0.013158
1 0.623450 0.190789 0.022727 0.008224
1 0.727273 0.172697 0.025826 0.016447
1 0.749483 0.298520 0.042355 0.018092
1 0.837293 0.262336 0.064050 0.019737
1 0.793388 0.225740 0.028926 0.013980
1 0.786157 0.192434 0.010331 0.009868
