0 0.306818 0.345395 0.018595 0.027961
0 0.305010 0.306743 0.017045 0.016447
0 0.248967 0.262336 0.013430 0.013158
0 0.274277 0.297697 0.026860 0.021382
0 0.363120 0.291941 0.012397 0.014803
0 0.322572 0.205592 0.009814 0.016447
0 0.362862 0.209704 0.017045 0.009868
0 0.391787 0.229852 0.023244 0.017270
0 0.448864 0.239720 0.110537 0.112664
0 0.485021 0.335938 0.020661 0.017270
0 0.553461 0.275493 0.014979 0.018092
0 0.553461 0.199424 0.011880 0.012336
0 0.655217 0.182566 0.012913 0.011513
0 0.725465 0.264803 0.025310 0.029605
0 0.720816 0.203947 0.010847 0.011513
0 0.650826 0.300576 0.023760 0.017270
1 0.258264 0.304688 0.022727 0.020559
1 0.303461 0.359786 0.028409 0.018914
1 0.296488 0.327714 0.027893 0.027138
1 0.244318 0.272204 0.016529 0.011513
1 0.356921 0.308388 0.020661 0.019737
1 0.316632 0.218339 0.023760 0.012336
1 0.360537 0.216283 0.012397 0.009868
1 0.430269 0.320312 0.150826 0.064967
1 0.480630 0.348273 0.023244 0.012336
1 0.388430 0.245066 0.023760 0.013158
1 0.549587 0.295230 0.024793 0.018092
1 0.554236 0.207648 0.012397 0.007401
1 0.652893 0.315378 0.039256 0.017270
1 0.743543 0.297286 0.051136 0.041941
1 0.725465 0.211349 0.018079 0.009868
1 0.660382 0.190378 0.020145 0.010691
