0 0.373450 0.331003 0.017562 0.027138
0 0.304494 0.248766 0.010847 0.012336
0 0.372159 0.192023 0.012913 0.020559
0 0.333936 0.282072 0.023244 0.014803
0 0.423295 0.277138 0.014979 0.016447
0 0.412965 0.195724 0.019112 0.011513
0 0.613378 0.263569 0.014979 0.017270
0 0.554752 0.321135 0.022727 0.017270
0 0.506973 0.230263 0.107955 0.115132
0 0.444731 0.219572 0.022727 0.023026
0 0.605372 0.186266 0.010331 0.012336
0 0.715909 0.288651 0.024793 0.014803
0 0.785382 0.255345 0.026343 0.025493
0 0.772727 0.224095 0.018595 0.010691
0 0.705837 0.168997 0.010847 0.009046
0 0.772727 0.191612 0.014463 0.014803
1 0.369576 0.345395 0.024277 0.016447
1 0.355372 0.312911 0.016529 0.025493
0 0.363895 0.294408 0.016012 0.018092
1 0.320248 0.295230 0.026860 0.016447
1 0.296488 0.261102 0.014463 0.013980
1 0.366219 0.202303 0.019628 0.009868
1 0.411157 0.203125 0.014463 0.006579
1 0.436983 0.232319 0.022727 0.015625
1 0.418388 0.293997 0.019628 0.018914
1 0.496643 0.312500 0.134814 0.057566
1 0.549329 0.335115 0.029442 0.012336
1 0.611829 0.280839 0.022211 0.020559
1 0.601498 0.193257 0.012913 0.009868
1 0.718492 0.305099 0.032025 0.014803
1 0.706870 0.176809 0.020145 0.009868
1 0.803202 0.285362 0.057851 0.044408
1 0.775568 0.235197 0.028409 0.013158
1 0.777118 0.201480 0.019112 0.008224
