0 0.306818 0.345395 0.018595 0.027961
0 0.305010 0.306743 0.017045 0.016447
0 0.248967 0.262336 0.013430 0.013158
0 0.274277 0.297697 0.026860 0.021382
0 0.363120 0.291941 0.012397 0.014803
0 0.322572 0.205592 0.009814 0.016447
0 0.362862 0.209704 0.017045 0.009868
0 0.391787 0.229852 0.023244 0.017270
0 0.448864 0.239720 0.110537 0.112664
0 0.485021 0.335938 0.020661 0.017270
0 0.553461 0.275493 0.014979 0.018092
0 0.553461 0.199424 0.011880 0.012336
0 0.655217 0.182566 0.012913 0.011513
0 0.725465 0.264803 0.025310 0.029605
0 0.720816 0.203947 0.010847 0.011513
0 0.650826 0.300576 0.023760 0.017270
