0 0.309659 0.345806 0.019112 0.028783
0 0.302944 0.308799 0.019112 0.020559
0 0.249225 0.264803 0.008781 0.018092
0 0.322056 0.206003 0.014979 0.018914
0 0.362603 0.291941 0.017562 0.019737
0 0.489153 0.334293 0.024793 0.025493
0 0.447831 0.241365 0.110537 0.111020
0 0.553202 0.274260 0.015496 0.017270
0 0.502841 0.173931 0.020145 0.023849
0 0.552686 0.199013 0.012397 0.016447
0 0.574638 0.222862 0.016012 0.013158
0 0.726756 0.268092 0.024793 0.032895
0 0.655733 0.182155 0.016012 0.012336
0 0.719783 0.201480 0.014979 0.016447
0 0.714876 0.237253 0.013430 0.010691
1 0.280217 0.346217 0.041839 0.021382
1 0.239153 0.265214 0.015496 0.018914
1 0.287190 0.312911 0.022727 0.027138
1 0.309143 0.203947 0.023244 0.016447
1 0.372417 0.232319 0.094008 0.117599
1 0.349948 0.291118 0.023244 0.019737
1 0.466167 0.335526 0.024277 0.021382
1 0.541839 0.274671 0.015496 0.016447
1 0.489669 0.172286 0.012397 0.020559
1 0.545455 0.197368 0.013430 0.016447
1 0.564824 0.223684 0.009814 0.008224
1 0.708419 0.266036 0.014979 0.028783
1 0.713843 0.199424 0.008264 0.013980
1 0.647727 0.179276 0.008264 0.008224
