0 0.303719 0.309211 0.019628 0.019737
0 0.308110 0.342928 0.017045 0.027961
0 0.323605 0.204770 0.012913 0.021382
0 0.486312 0.335115 0.023244 0.020559
0 0.362345 0.293174 0.017045 0.017270
0 0.391271 0.229030 0.012913 0.013980
0 0.451705 0.241365 0.113120 0.112664
0 0.504132 0.174342 0.022727 0.024671
0 0.552944 0.274260 0.013946 0.013980
0 0.656508 0.299753 0.010331 0.018914
0 0.727014 0.264803 0.024277 0.024671
0 0.715393 0.234786 0.013430 0.012336
0 0.552169 0.199013 0.016529 0.013158
0 0.572572 0.224095 0.014979 0.013980
0 0.655217 0.182977 0.012913 0.013980
0 0.717459 0.200658 0.011364 0.013158
