0 0.301911 0.251234 0.012913 0.020559
0 0.364411 0.295641 0.014979 0.018914
0 0.374483 0.330592 0.017562 0.026316
0 0.372417 0.192434 0.009298 0.018092
0 0.422262 0.279605 0.014979 0.018092
0 0.554752 0.322368 0.022727 0.023026
0 0.505940 0.225740 0.114153 0.112664
0 0.550878 0.160773 0.020145 0.023849
0 0.613636 0.262336 0.017562 0.016447
0 0.602789 0.186266 0.009298 0.010691
0 0.630165 0.211349 0.014463 0.013158
0 0.785640 0.254112 0.025826 0.031250
0 0.771178 0.190789 0.011364 0.009868
0 0.772469 0.222862 0.012913 0.013158
0 0.705320 0.171464 0.013946 0.013980
1 0.291322 0.249589 0.015496 0.017270
1 0.346333 0.297697 0.020145 0.021382
1 0.353822 0.335115 0.032025 0.023849
1 0.406250 0.280428 0.020145 0.018092
1 0.358213 0.192434 0.018079 0.019737
1 0.421746 0.216694 0.104855 0.115954
1 0.533833 0.325247 0.025310 0.023849
1 0.534866 0.158717 0.014979 0.026316
1 0.595816 0.186266 0.008781 0.013980
1 0.598657 0.258635 0.020661 0.017270
1 0.618802 0.211760 0.011364 0.012336
1 0.697314 0.169408 0.006198 0.014803
1 0.768595 0.253289 0.015496 0.029605
1 0.763171 0.220806 0.008781 0.005757
1 0.766787 0.191201 0.006715 0.005757
