0 0.372159 0.332237 0.018079 0.029605
0 0.361570 0.295230 0.020661 0.019737
0 0.371126 0.191201 0.011880 0.018914
0 0.411157 0.197368 0.012397 0.009868
0 0.420971 0.279605 0.017562 0.018092
0 0.553202 0.321546 0.022727 0.021382
0 0.442407 0.217516 0.024277 0.020559
0 0.508781 0.227385 0.113636 0.114309
0 0.612345 0.259868 0.014979 0.018092
0 0.551136 0.160362 0.021694 0.021382
0 0.788998 0.254934 0.031508 0.031250
0 0.715393 0.292763 0.020661 0.019737
0 0.602531 0.187089 0.017045 0.015625
0 0.771436 0.191612 0.010847 0.011513
0 0.772469 0.225329 0.013946 0.014803
0 0.705837 0.171053 0.012913 0.014803
