0 0.309659 0.345806 0.019112 0.028783
0 0.302944 0.308799 0.019112 0.020559
0 0.249225 0.264803 0.008781 0.018092
0 0.322056 0.206003 0.014979 0.018914
0 0.362603 0.291941 0.017562 0.019737
0 0.489153 0.334293 0.024793 0.025493
0 0.447831 0.241365 0.110537 0.111020
0 0.553202 0.274260 0.015496 0.017270
0 0.502841 0.173931 0.020145 0.023849
0 0.552686 0.199013 0.012397 0.016447
0 0.574638 0.222862 0.016012 0.013158
0 0.726756 0.268092 0.024793 0.032895
0 0.655733 0.182155 0.016012 0.012336
0 0.719783 0.201480 0.014979 0.016447
0 0.714876 0.237253 0.013430 0.010691
1 0.280217 0.346217 0.041839 0.021382
