0 0.373450 0.331003 0.017562 0.027138
0 0.304494 0.248766 0.010847 0.012336
0 0.372159 0.192023 0.012913 0.020559
0 0.333936 0.282072 0.023244 0.014803
0 0.423295 0.277138 0.014979 0.016447
0 0.412965 0.195724 0.019112 0.011513
0 0.613378 0.263569 0.014979 0.017270
0 0.554752 0.321135 0.022727 0.017270
0 0.506973 0.230263 0.107955 0.115132
0 0.444731 0.219572 0.022727 0.023026
0 0.605372 0.186266 0.010331 0.012336
0 0.715909 0.288651 0.024793 0.014803
0 0.785382 0.255345 0.026343 0.025493
0 0.772727 0.224095 0.018595 0.010691
0 0.705837 0.168997 0.010847 0.009046
0 0.772727 0.191612 0.014463 0.014803
