0 0.248450 0.264391 0.011364 0.013980
0 0.308884 0.343339 0.022727 0.022204
0 0.301911 0.310444 0.019112 0.020559
0 0.324897 0.208059 0.011364 0.019737
0 0.362862 0.293586 0.013946 0.016447
0 0.388946 0.230263 0.020661 0.019737
0 0.448089 0.240543 0.113120 0.107730
0 0.486829 0.333882 0.022211 0.023026
0 0.551395 0.275082 0.016012 0.013980
0 0.551395 0.199836 0.010847 0.014803
0 0.501808 0.172286 0.024277 0.020559
0 0.573864 0.224507 0.012397 0.009868
0 0.655992 0.300576 0.015496 0.015625
0 0.725981 0.265625 0.024277 0.027961
0 0.715651 0.236431 0.010847 0.012336
0 0.656508 0.182566 0.013430 0.011513
0 0.717975 0.202303 0.012397 0.013158
