0 0.248450 0.264391 0.011364 0.013980
0 0.308884 0.343339 0.022727 0.022204
0 0.301911 0.310444 0.019112 0.020559
0 0.324897 0.208059 0.011364 0.019737
0 0.362862 0.293586 0.013946 0.016447
0 0.388946 0.230263 0.020661 0.019737
0 0.448089 0.240543 0.113120 0.107730
0 0.486829 0.333882 0.022211 0.023026
0 0.551395 0.275082 0.016012 0.013980
0 0.551395 0.199836 0.010847 0.014803
0 0.501808 0.172286 0.024277 0.020559
0 0.573864 0.224507 0.012397 0.009868
0 0.655992 0.300576 0.015496 0.015625
0 0.725981 0.265625 0.024277 0.027961
0 0.715651 0.236431 0.010847 0.012336
0 0.656508 0.182566 0.013430 0.011513
0 0.717975 0.202303 0.012397 0.013158
1 0.255424 0.259868 0.007748 0.008224
1 0.315599 0.337582 0.018595 0.020559
1 0.312758 0.303865 0.011880 0.015625
1 0.371126 0.288240 0.017045 0.017270
1 0.330837 0.200247 0.007748 0.013980
1 0.399793 0.219984 0.012397 0.012336
1 0.498709 0.328947 0.013946 0.021382
1 0.510847 0.164885 0.017562 0.018914
1 0.468233 0.215049 0.102789 0.117599
1 0.561209 0.269737 0.009814 0.008224
1 0.560176 0.195724 0.007748 0.014803
1 0.580579 0.220806 0.013430 0.007401
1 0.663481 0.298109 0.012913 0.013980
1 0.738895 0.262336 0.021178 0.032895
1 0.721591 0.231908 0.009298 0.016447
1 0.723915 0.196546 0.020145 0.008224
