0 0.109246 0.641036 0.028409 0.022204
0 0.153926 0.598684 0.020661 0.021382
0 0.312500 0.560444 0.027893 0.045230
0 0.270403 0.761513 0.021178 0.029605
0 0.333161 0.407895 0.017562 0.024671
0 0.367252 0.328536 0.016529 0.015625
0 0.477789 0.300164 0.015496 0.016447
0 0.567407 0.314556 0.020145 0.023849
0 0.650568 0.317023 0.029442 0.030428
0 0.609504 0.415296 0.017562 0.021382
0 0.552686 0.590049 0.023760 0.023849
0 0.567665 0.666941 0.033058 0.047697
0 0.528926 0.469984 0.106405 0.183388
0 0.704029 0.362664 0.015496 0.011513
0 0.786674 0.465872 0.023760 0.032072
0 0.751033 0.639391 0.028926 0.041941
