0 0.311467 0.562911 0.033058 0.043586
0 0.569215 0.666941 0.029959 0.042763
0 0.552686 0.589638 0.023760 0.027961
0 0.612345 0.414474 0.023244 0.026316
0 0.751808 0.638980 0.026343 0.042763
0 0.787965 0.465461 0.029442 0.031250
0 0.209194 0.419819 0.041322 0.048520
0 0.371126 0.331826 0.027376 0.022204
0 0.448089 0.387747 0.021178 0.012336
0 0.338585 0.401727 0.016012 0.017270
0 0.474174 0.298931 0.015496 0.025493
0 0.566374 0.310033 0.025310 0.021382
0 0.651085 0.314145 0.026343 0.027961
0 0.535124 0.462582 0.129132 0.178454
1 0.314566 0.538651 0.021694 0.008224
1 0.565857 0.651727 0.012913 0.037007
1 0.513171 0.433799 0.083161 0.158717
1 0.744576 0.622944 0.016012 0.032072
1 0.781250 0.456003 0.018079 0.032072
