0 0.137397 0.444901 0.025826 0.032895
0 0.370610 0.497122 0.040806 0.033717
0 0.264463 0.419408 0.017562 0.023026
0 0.310434 0.342516 0.022727 0.017270
0 0.416839 0.310855 0.012397 0.018092
0 0.381715 0.407895 0.020661 0.019737
0 0.504390 0.323191 0.017045 0.018092
0 0.535124 0.428454 0.017562 0.024671
0 0.587035 0.328947 0.028409 0.036184
0 0.461002 0.602796 0.016012 0.027961
0 0.468233 0.675576 0.026343 0.041941
0 0.648244 0.646793 0.030992 0.037007
0 0.703512 0.476562 0.025826 0.030428
0 0.440599 0.480263 0.142562 0.180921
0 0.630165 0.380757 0.019628 0.019737
0 0.169421 0.780839 0.032025 0.038651
