0 0.016787 0.651316 0.032541 0.027961
0 0.137655 0.443257 0.028409 0.032895
0 0.226240 0.575658 0.030992 0.047697
0 0.265238 0.418174 0.014979 0.017270
0 0.310176 0.342516 0.020145 0.020559
0 0.446281 0.479030 0.127066 0.180099
0 0.455062 0.603618 0.028926 0.031250
0 0.466942 0.676398 0.025826 0.040296
0 0.415031 0.313734 0.017045 0.020559
0 0.504132 0.325247 0.024793 0.017270
0 0.586002 0.327303 0.028409 0.031250
0 0.533058 0.428043 0.024793 0.032072
0 0.646178 0.650905 0.030992 0.041941
0 0.702479 0.478207 0.024793 0.030428
0 0.631457 0.374589 0.016012 0.010691
0 0.380424 0.405016 0.017045 0.010691
1 0.032800 0.638569 0.031508 0.040296
1 0.155475 0.424753 0.021694 0.050164
1 0.252841 0.546875 0.026343 0.046053
1 0.280217 0.406661 0.017045 0.027138
1 0.317924 0.332648 0.023244 0.025493
1 0.389979 0.396382 0.024793 0.016447
1 0.480888 0.585938 0.028926 0.043586
1 0.490186 0.662829 0.024793 0.044408
1 0.423295 0.307977 0.021178 0.027138
1 0.552686 0.409951 0.017562 0.035362
1 0.671229 0.629112 0.035640 0.072368
1 0.604855 0.316612 0.017562 0.036184
1 0.514979 0.319490 0.022727 0.020559
1 0.525826 0.408306 0.126033 0.249178
1 0.721591 0.463816 0.029959 0.046053
1 0.647727 0.368421 0.018595 0.039474
