0 0.069473 0.607730 0.021178 0.023026
0 0.228306 0.570312 0.035124 0.037007
0 0.266529 0.419408 0.019628 0.021382
0 0.381973 0.408306 0.019112 0.023849
0 0.416322 0.311678 0.015496 0.018092
0 0.166581 0.772615 0.022211 0.028783
0 0.468492 0.678454 0.024793 0.042763
0 0.455837 0.600740 0.025310 0.028783
0 0.532541 0.426398 0.017562 0.025493
0 0.502066 0.326069 0.024793 0.017270
0 0.587810 0.329770 0.032025 0.037829
0 0.631973 0.374178 0.013946 0.011513
0 0.647469 0.650905 0.031508 0.041941
0 0.703512 0.476562 0.022727 0.032072
0 0.013171 0.651727 0.020145 0.020559
0 0.309917 0.339638 0.017562 0.016447
1 0.026860 0.671464 0.032025 0.041941
1 0.087552 0.615954 0.020145 0.018092
1 0.186209 0.796464 0.042872 0.033717
1 0.253357 0.587582 0.053202 0.037007
1 0.281508 0.419819 0.020661 0.017270
1 0.327221 0.345806 0.019112 0.010691
1 0.399277 0.407484 0.014463 0.018914
1 0.435434 0.314145 0.021694 0.014803
1 0.527118 0.327714 0.028409 0.015625
1 0.494576 0.617188 0.051136 0.030428
1 0.516529 0.698602 0.077479 0.048520
1 0.566890 0.430510 0.054236 0.015625
1 0.641271 0.333882 0.086260 0.019737
1 0.659349 0.379934 0.036674 0.018092
1 0.720558 0.684211 0.141529 0.067434
1 0.755682 0.488076 0.089876 0.028783
1 0.686983 0.541118 0.537190 0.126645
