0 0.016787 0.651316 0.032541 0.027961
0 0.137655 0.443257 0.028409 0.032895
0 0.226240 0.575658 0.030992 0.047697
0 0.265238 0.418174 0.014979 0.017270
0 0.310176 0.342516 0.020145 0.020559
0 0.446281 0.479030 0.127066 0.180099
0 0.455062 0.603618 0.028926 0.031250
0 0.466942 0.676398 0.025826 0.040296
0 0.415031 0.313734 0.017045 0.020559
0 0.504132 0.325247 0.024793 0.017270
0 0.586002 0.327303 0.028409 0.031250
0 0.533058 0.428043 0.024793 0.032072
0 0.646178 0.650905 0.030992 0.041941
0 0.702479 0.478207 0.024793 0.030428
0 0.631457 0.374589 0.016012 0.010691
0 0.380424 0.405016 0.017045 0.010691
