0 0.206870 0.432977 0.027376 0.033717
0 0.274019 0.767681 0.032541 0.041941
0 0.555269 0.587171 0.017562 0.027961
0 0.453254 0.484786 0.045971 0.030428
0 0.570506 0.661184 0.025310 0.041118
0 0.335744 0.402138 0.013430 0.013158
0 0.370868 0.327303 0.019628 0.016447
0 0.453512 0.395970 0.016529 0.022204
0 0.477531 0.296875 0.017045 0.019737
0 0.536674 0.459704 0.121901 0.174342
0 0.651343 0.315789 0.027893 0.029605
0 0.567665 0.310444 0.016529 0.012336
0 0.611570 0.415707 0.016529 0.025493
0 0.752583 0.638158 0.027893 0.044408
0 0.787190 0.465872 0.026860 0.027138
0 0.703771 0.368832 0.011880 0.020559
