0 0.106663 0.639391 0.028409 0.025493
0 0.205579 0.430510 0.028926 0.037007
0 0.311467 0.561678 0.029959 0.046053
0 0.333678 0.405428 0.013430 0.016447
0 0.370093 0.332237 0.018079 0.026316
0 0.450671 0.388980 0.020145 0.014803
0 0.476756 0.301398 0.026860 0.020559
0 0.569215 0.662007 0.028926 0.047697
0 0.550103 0.587993 0.026860 0.029605
0 0.534866 0.469161 0.125517 0.183388
0 0.566374 0.313322 0.021178 0.018092
0 0.608213 0.414062 0.023244 0.028783
0 0.653926 0.317845 0.027893 0.033717
0 0.704804 0.363076 0.019112 0.013980
0 0.750000 0.637336 0.033058 0.041118
0 0.785640 0.465049 0.029959 0.037007
1 0.117510 0.620888 0.030475 0.037829
1 0.220816 0.414474 0.023244 0.047697
1 0.333936 0.535362 0.025310 0.050987
1 0.344008 0.393914 0.016529 0.021382
1 0.373450 0.319490 0.027893 0.020559
1 0.588326 0.645970 0.024793 0.048520
1 0.570764 0.573602 0.017562 0.040296
1 0.459194 0.381579 0.019628 0.018092
1 0.481921 0.292763 0.023760 0.024671
1 0.573864 0.301809 0.021694 0.021382
1 0.619060 0.388980 0.026343 0.047697
1 0.666322 0.298520 0.019628 0.037829
1 0.597366 0.388158 0.087293 0.251645
1 0.772727 0.620888 0.029959 0.069079
1 0.713068 0.351562 0.017045 0.022204
1 0.800362 0.453536 0.028409 0.043586
