0 0.109246 0.641036 0.028409 0.022204
0 0.153926 0.598684 0.020661 0.021382
0 0.312500 0.560444 0.027893 0.045230
0 0.270403 0.761513 0.021178 0.029605
0 0.333161 0.407895 0.017562 0.024671
0 0.367252 0.328536 0.016529 0.015625
0 0.477789 0.300164 0.015496 0.016447
0 0.567407 0.314556 0.020145 0.023849
0 0.650568 0.317023 0.029442 0.030428
0 0.609504 0.415296 0.017562 0.021382
0 0.552686 0.590049 0.023760 0.023849
0 0.567665 0.666941 0.033058 0.047697
0 0.528926 0.469984 0.106405 0.183388
0 0.704029 0.362664 0.015496 0.011513
0 0.786674 0.465872 0.023760 0.032072
0 0.751033 0.639391 0.028926 0.041941
1 0.115186 0.668174 0.040289 0.033717
1 0.169938 0.603207 0.019628 0.020559
1 0.297004 0.785773 0.044421 0.043586
1 0.345041 0.568257 0.043388 0.039474
1 0.350207 0.407484 0.026860 0.020559
1 0.389721 0.333059 0.016012 0.013158
1 0.622159 0.690378 0.074897 0.048520
1 0.590393 0.603618 0.049587 0.027961
1 0.495610 0.299753 0.023244 0.018914
1 0.591167 0.315378 0.018079 0.015625
1 0.708161 0.325658 0.083678 0.018092
1 0.643337 0.423520 0.052169 0.016447
1 0.728564 0.367599 0.030475 0.011513
1 0.843492 0.478618 0.095041 0.026316
1 0.829804 0.668997 0.129649 0.066612
1 0.744835 0.537007 0.506198 0.121711
