0 0.206870 0.432977 0.027376 0.033717
0 0.274019 0.767681 0.032541 0.041941
0 0.555269 0.587171 0.017562 0.027961
0 0.572056 0.658717 0.026343 0.034539
0 0.337293 0.401316 0.012397 0.013158
0 0.369576 0.327714 0.019112 0.015625
0 0.478048 0.296464 0.012913 0.022204
0 0.451188 0.393914 0.019112 0.019737
0 0.568957 0.311678 0.014979 0.016447
0 0.651343 0.314556 0.030992 0.035362
0 0.703771 0.367188 0.019112 0.022204
0 0.751550 0.637336 0.027893 0.041118
0 0.611054 0.417352 0.014463 0.027138
0 0.789256 0.463816 0.024793 0.026316
0 0.532541 0.460938 0.122934 0.170230
