0 0.015238 0.657072 0.029442 0.031250
0 0.171488 0.778783 0.029959 0.032895
0 0.226756 0.574836 0.025826 0.044408
0 0.137138 0.436678 0.024277 0.019737
0 0.267045 0.417763 0.017562 0.024671
0 0.309401 0.343339 0.018595 0.025493
0 0.379907 0.406250 0.022211 0.019737
0 0.471333 0.673520 0.021178 0.037829
0 0.460486 0.600740 0.021178 0.027138
0 0.649019 0.651316 0.033574 0.046053
0 0.534607 0.428454 0.012397 0.024671
0 0.420971 0.315789 0.018595 0.024671
0 0.587293 0.325247 0.032025 0.030428
0 0.504390 0.324013 0.020145 0.013158
0 0.704287 0.478207 0.023244 0.037007
0 0.632748 0.375411 0.017562 0.020559
0 0.457386 0.502878 0.143079 0.193257
