0 0.107180 0.638158 0.031508 0.021382
0 0.276860 0.766859 0.030992 0.032072
0 0.314566 0.562911 0.033058 0.046875
0 0.206353 0.423931 0.023244 0.018914
0 0.335744 0.406661 0.017562 0.018914
0 0.371126 0.330181 0.021178 0.017270
0 0.448864 0.396382 0.020661 0.023026
0 0.565857 0.309622 0.020145 0.017270
0 0.478306 0.298931 0.020661 0.020559
0 0.552944 0.590872 0.024277 0.032072
0 0.571023 0.668586 0.028409 0.050987
0 0.752324 0.636924 0.028409 0.043586
0 0.787190 0.463405 0.023760 0.035362
0 0.611570 0.414474 0.018595 0.026316
0 0.651343 0.315789 0.027893 0.034539
0 0.701963 0.370066 0.016529 0.024671
0 0.530733 0.467105 0.132748 0.185855
