0 0.137397 0.444901 0.025826 0.032895
0 0.370610 0.497122 0.040806 0.033717
0 0.264463 0.419408 0.017562 0.023026
0 0.310434 0.342516 0.022727 0.017270
0 0.416839 0.310855 0.012397 0.018092
0 0.381715 0.407895 0.020661 0.019737
0 0.504390 0.323191 0.017045 0.018092
0 0.535124 0.428454 0.017562 0.024671
0 0.587035 0.328947 0.028409 0.036184
0 0.461002 0.602796 0.016012 0.027961
0 0.468233 0.675576 0.026343 0.041941
0 0.648244 0.646793 0.030992 0.037007
0 0.703512 0.476562 0.025826 0.030428
0 0.440599 0.480263 0.142562 0.180921
0 0.630165 0.380757 0.019628 0.019737
0 0.169421 0.780839 0.032025 0.038651
1 0.083936 0.457648 0.089360 0.027138
1 0.125000 0.800164 0.073347 0.055921
1 0.236570 0.425987 0.040289 0.016447
1 0.283058 0.347451 0.042355 0.018914
1 0.337035 0.505345 0.037707 0.033717
1 0.361570 0.414062 0.029959 0.020559
1 0.395145 0.314967 0.029959 0.018092
1 0.482696 0.329770 0.034607 0.018092
1 0.196281 0.593750 0.386364 0.146382
1 0.430527 0.705181 0.080062 0.056743
1 0.422262 0.617599 0.064566 0.047697
1 0.581095 0.703947 0.128099 0.097039
1 0.668130 0.501234 0.069731 0.033717
1 0.509814 0.437911 0.042355 0.027138
1 0.612603 0.380757 0.023760 0.014803
1 0.555527 0.335526 0.041839 0.018092
