0 0.106663 0.639391 0.028409 0.025493
0 0.205579 0.430510 0.028926 0.037007
0 0.311467 0.561678 0.029959 0.046053
0 0.333678 0.405428 0.013430 0.016447
0 0.370093 0.332237 0.018079 0.026316
0 0.450671 0.388980 0.020145 0.014803
0 0.476756 0.301398 0.026860 0.020559
0 0.569215 0.662007 0.028926 0.047697
0 0.550103 0.587993 0.026860 0.029605
0 0.534866 0.469161 0.125517 0.183388
0 0.566374 0.313322 0.021178 0.018092
0 0.608213 0.414062 0.023244 0.028783
0 0.653926 0.317845 0.027893 0.033717
0 0.704804 0.363076 0.019112 0.013980
0 0.750000 0.637336 0.033058 0.041118
0 0.785640 0.465049 0.029959 0.037007
