0 0.015238 0.657072 0.029442 0.031250
0 0.171488 0.778783 0.029959 0.032895
0 0.226756 0.574836 0.025826 0.044408
0 0.137138 0.436678 0.024277 0.019737
0 0.267045 0.417763 0.017562 0.024671
0 0.309401 0.343339 0.018595 0.025493
0 0.379907 0.406250 0.022211 0.019737
0 0.471333 0.673520 0.021178 0.037829
0 0.460486 0.600740 0.021178 0.027138
0 0.649019 0.651316 0.033574 0.046053
0 0.534607 0.428454 0.012397 0.024671
0 0.420971 0.315789 0.018595 0.024671
0 0.587293 0.325247 0.032025 0.030428
0 0.504390 0.324013 0.020145 0.013158
0 0.704287 0.478207 0.023244 0.037007
0 0.632748 0.375411 0.017562 0.020559
1 0.135847 0.785362 0.055785 0.026316
1 0.172779 0.581826 0.100723 0.033717
1 0.094008 0.441201 0.069215 0.020559
1 0.248192 0.423109 0.030475 0.023849
1 0.287190 0.340872 0.029959 0.023849
1 0.359504 0.409128 0.027893 0.020559
1 0.400052 0.310855 0.029442 0.014803
1 0.421746 0.614309 0.080062 0.023026
1 0.425620 0.694490 0.085744 0.055099
1 0.587810 0.664062 0.105372 0.032072
1 0.484504 0.323191 0.024793 0.019737
1 0.508781 0.432155 0.045455 0.023849
1 0.555785 0.331826 0.043388 0.030428
1 0.610279 0.384046 0.026343 0.019737
1 0.661157 0.488898 0.060950 0.041941
0 0.448605 0.484375 0.114153 0.184211
1 0.231921 0.506168 0.358471 0.148849
