0 0.069473 0.607730 0.021178 0.023026
0 0.228306 0.570312 0.035124 0.037007
0 0.266529 0.419408 0.019628 0.021382
0 0.381973 0.408306 0.019112 0.023849
0 0.416322 0.311678 0.015496 0.018092
0 0.166581 0.772615 0.022211 0.028783
0 0.468492 0.678454 0.024793 0.042763
0 0.455837 0.600740 0.025310 0.028783
0 0.532541 0.426398 0.017562 0.025493
0 0.502066 0.326069 0.024793 0.017270
0 0.587810 0.329770 0.032025 0.037829
0 0.631973 0.374178 0.013946 0.011513
0 0.647469 0.650905 0.031508 0.041941
0 0.703512 0.476562 0.022727 0.032072
0 0.013171 0.651727 0.020145 0.020559
0 0.309917 0.339638 0.017562 0.016447
0 0.444731 0.478207 0.116736 0.176809
