0 0 0.9971217105263158 0.9981921487603306 1 0.9943181818181818 0 0.8316115702479339 0 0.974948347107438 0.16652960526315788 0.974948347107438 0.1768092105263158 0.8419421487603306 0.18297697368421054 0.5358987603305785 0.18297697368421054 0.1652892561983471 0.19325657894736842 0.2634297520661157 0 0 0
1 0.1646435950413223 0.17783717105263164 0.26601239669421495 0 0.43711260330578516 0 0.8277376033057852 0 0.8677427685950774 0.043174342105263275 0.8980888429752427 0.07709703947368433 0.9148760330578873 0.10485197368421065 0.9742768595041683 0.1696134868421054 0.8625774793388791 0.1778371710526317 0.6391787190083006 0.18708881578947367
2 0.474609375 0.13215717516447367 0.4794921875 0.13060238486842105 0.4873046875 0.12127364309210527 0.4931640625 0.12127364309210527 0.5 0.11039011101973684 0.5 0.10106136924342106 0.4951171875 0.08706825657894737 0.4850206611570248 0.08196271929824561 0.4794921875 0.08084909539473684 0.45703125 0.1134996916118421 0.45703125 0.1228284333881579 0.4599609375 0.1274928042763158
2 0.591796875 0.10106136924342106 0.6044921875 0.09639699835526316 0.609375 0.088623046875 0.609375 0.08240388569078948 0.6005859375 0.07152035361842106 0.5908203125 0.06530119243421052 0.5693359375 0.06530119243421052 0.5625 0.07618472450657894 0.5625 0.09484220805921052 0.5654296875 0.10261615953947369
2 0.556640625 0.08551346628289473 0.55859375 0.08240388569078948 0.556640625 0.06996556332236842 0.5498046875 0.05597245065789474 0.5400390625 0.05286287006578947 0.533203125 0.060636821546052634 0.53125 0.06685598273026316 0.5322265625 0.08084909539473684 0.5419921875 0.08084909539473684 0.5517578125 0.08706825657894737
2 0.513671875 0.06685598273026316 0.515625 0.060636821546052634 0.5126953125 0.05597245065789474 0.5048828125 0.05597245065789474 0.5 0.0637464021381579 0.5048828125 0.06841077302631579
2 0.501953125 0.17569130345394737 0.509765625 0.16325298108552633 0.51171875 0.15081465871710525 0.5048828125 0.14615028782894737 0.4951171875 0.14615028782894737 0.486328125 0.1570338199013158 0.484375 0.16947214226973684 0.484331955922865 0.17708333333333331 0.4853650137741046 0.17955043859649122 0.48760330578512395 0.18009868421052633 0.4951171875 0.17724609375
2 0.42578125 0.12593801398026316 0.4345703125 0.1181640625 0.4319093339815265 0.11343846749226005 0.4255286825473992 0.10811726006191948 0.4208984375 0.10572574013157894 0.41796875 0.11971885279605263 0.4228515625 0.1274928042763158
2 0.46160468319559234 0.05811403508771929 0.46298209366391185 0.05674342105263158 0.4617768595041322 0.05098684210526316 0.46005509641873277 0.046875 0.45437327823691465 0.04632675438596491 0.447265625 0.05130807976973684 0.4482421875 0.05908203125 0.4541015625 0.05908203125 0.45351239669421495 0.057839912280701754 0.4569559228650138 0.05756578947368421
2 0.4375 0.057527240953947366 0.4364669421487603 0.0518092105263158 0.43491735537190085 0.04851973684210527 0.4318181818181818 0.043859649122807015 0.427734375 0.04819849917763158 0.427734375 0.057527240953947366
2 0.419921875 0.03265059621710526 0.4214876033057851 0.018366228070175433 0.4161501377410468 0.014528508771929816 0.4130509641873278 0.012061403508771926 0.40625 0.02021227384868421 0.40625 0.026431435032894735 0.4130859375 0.034205386513157895
2 0.408203125 0.017102693256578948 0.41015625 0.013993112664473685 0.4073691460055096 0.0019188596491228032 0.380859375 0.0015547902960526315 0.3837890625 0.015547902960526315 0.3896484375 0.01865748355263158
2 0.35546875 0.07618472450657894 0.3681640625 0.07462993421052631 0.37190082644628103 0.06277412280701755 0.3653581267217631 0.05729166666666669 0.3505859375 0.06530119243421052 0.345703125 0.07307514391447369 0.3486328125 0.07773951480263158
2 0.6191460055096419 0.15542763157894737 0.6220703125 0.15547902960526316 0.6225895316804407 0.15405701754385967 0.6231060606060606 0.15378289473684212 0.6231060606060606 0.1455592105263158 0.6213842975206612 0.14391447368421054 0.6162109375 0.14304070723684212 0.6142578125 0.14615028782894737 0.6123046875 0.14615028782894737 0.611328125 0.147705078125 0.611328125 0.15081465871710525 0.6108815426997244 0.15350877192982457 0.6127754820936638 0.15652412280701755 0.6158746556473829 0.15542763157894737
2 0.546875 0.010883532072368422 0.5452823691460056 0.0038377192982456177 0.5433884297520661 0.0010964912280701832 0.5244140625 0 0.5234375 0.0015547902960526315 0.5234375 0.007773951480263158 0.5244140625 0.00932874177631579 0.5263671875 0.00932874177631579 0.5283203125 0.012438322368421052 0.5458984375 0.012438322368421052
2 0.607421875 0.04819849917763158 0.6072658402203858 0.043037280701754395 0.6070936639118458 0.04166666666666667 0.6026170798898072 0.03728070175438597 0.5986328125 0.034205386513157895 0.5966796875 0.03731496710526316 0.5947265625 0.03731496710526316 0.591796875 0.04197933799342105 0.591796875 0.04819849917763158 0.5927734375 0.04975328947368421 0.6064453125 0.04975328947368421
2 0.623046875 0.026431435032894735 0.6240234375 0.024876644736842105 0.6279296875 0.024876644736842105 0.630859375 0.02021227384868421 0.6298209366391184 0.017543859649122803 0.6291322314049587 0.016173245614035093 0.6275826446280992 0.013980263157894737 0.6224173553719008 0.009594298245614039 0.6181640625 0.00932874177631579 0.615234375 0.013993112664473685 0.615234375 0.023321854440789474 0.6181640625 0.02798622532894737 0.6220703125 0.02798622532894737
2 0.681640625 0.06996556332236842 0.6826171875 0.06841077302631579 0.6884765625 0.06841077302631579 0.689453125 0.06685598273026316 0.689453125 0.0637464021381579 0.69140625 0.060636821546052634 0.69140625 0.04819849917763158 0.6904296875 0.04664370888157895 0.6884765625 0.04664370888157895 0.6865234375 0.043534128289473686 0.6806640625 0.043534128289473686 0.6787109375 0.04042454769736842 0.6708984375 0.04042454769736842 0.6689453125 0.043534128289473686 0.6669921875 0.043534128289473686 0.6650390625 0.04664370888157895 0.6630859375 0.04664370888157895 0.66015625 0.05130807976973684 0.66015625 0.0637464021381579 0.6630859375 0.06841077302631579 0.6669921875 0.06841077302631579 0.6689453125 0.07152035361842106 0.6806640625 0.07152035361842106
2 0.685546875 0.03576017680921053 0.6865234375 0.034205386513157895 0.6982421875 0.034205386513157895 0.7001953125 0.03109580592105263 0.7060546875 0.03109580592105263 0.7080078125 0.034205386513157895 0.7177734375 0.034205386513157895 0.720703125 0.029541015625 0.720703125 0.02021227384868421 0.7138671875 0.00932874177631579 0.7119140625 0.00932874177631579 0.7080078125 0.003109580592105263 0.7021484375 0.003109580592105263 0.7001953125 0.006219161184210526 0.6943359375 0.006219161184210526 0.6923828125 0.00932874177631579 0.6884765625 0.00932874177631579 0.6865234375 0.012438322368421052 0.6806640625 0.012438322368421052 0.6787109375 0.015547902960526315 0.6767578125 0.015547902960526315 0.669921875 0.026431435032894735 0.669921875 0.03265059621710526 0.6708984375 0.034205386513157895 0.6787109375 0.034205386513157895 0.6806640625 0.03731496710526316 0.6845703125 0.03731496710526316
2 0.728515625 0.08240388569078948 0.73046875 0.07929430509868421 0.73046875 0.07307514391447369 0.728515625 0.06996556332236842 0.728515625 0.06685598273026316 0.7255859375 0.06219161184210526 0.7236328125 0.06219161184210526 0.7216796875 0.05908203125 0.7197265625 0.05908203125 0.7177734375 0.06219161184210526 0.7119140625 0.06219161184210526 0.7099609375 0.06530119243421052 0.7080078125 0.06530119243421052 0.705078125 0.06996556332236842 0.7099609375 0.07773951480263158 0.7158203125 0.07773951480263158 0.7177734375 0.08084909539473684 0.7197265625 0.08084909539473684 0.7216796875 0.0839586759868421 0.7275390625 0.0839586759868421
2 0.6875 0.11971885279605263 0.6884765625 0.1181640625 0.6904296875 0.1181640625 0.6918449197860962 0.11392221362229102 0.6906295576081672 0.11150348297213623 0.6900218765192028 0.10739164086687304 0.689110354885756 0.10618227554179567 0.6884765625 0.10572574013157894 0.6865234375 0.10261615953947369 0.6826171875 0.10261615953947369 0.6806640625 0.10572574013157894 0.6787109375 0.10572574013157894 0.677734375 0.10728053042763158 0.677734375 0.11660927220394737 0.6787109375 0.1181640625 0.6806640625 0.1181640625 0.6826171875 0.12127364309210527 0.6865234375 0.12127364309210527
2 0.763671875 0.16325298108552633 0.7646484375 0.16169819078947367 0.7724609375 0.16169819078947367 0.7744140625 0.15858861019736842 0.77734375 0.1570338199013158 0.77734375 0.14148591694078946 0.779296875 0.1383763363486842 0.779296875 0.12904759457236842 0.7763671875 0.12438322368421052 0.7744140625 0.12438322368421052 0.7724609375 0.12127364309210527 0.7685546875 0.12127364309210527 0.7666015625 0.12438322368421052 0.7646484375 0.12438322368421052 0.7626953125 0.1274928042763158 0.7568359375 0.13060238486842105 0.7548828125 0.13371196546052633 0.7470703125 0.13371196546052633 0.7451171875 0.13682154605263158 0.7412109375 0.13682154605263158 0.7392578125 0.13993112664473684 0.736328125 0.14148591694078946 0.736328125 0.147705078125 0.740234375 0.15392423930921054 0.740234375 0.1570338199013158 0.7431640625 0.16169819078947367 0.7470703125 0.16169819078947367 0.7490234375 0.16480777138157895 0.7509765625 0.16480777138157895 0.7529296875 0.16169819078947367 0.7607421875 0.16169819078947367 0.7626953125 0.16480777138157895
2 0.82421875 0.10728053042763158 0.826171875 0.10417094983552631 0.8234078755469131 0.09699109907120743 0.8208252309188139 0.0948142414860681 0.8154296875 0.0932874177631579 0.8125 0.09795178865131579 0.8125 0.10417094983552631 0.8154296875 0.10883532072368421 0.8232421875 0.10883532072368421
2 0.75390625 0.023321854440789474 0.7548828125 0.021767064144736843 0.7577783179387457 0.02055921052631579 0.7588417598444337 0.01838235294117647 0.7579302382109869 0.015721749226006193 0.756714876033058 0.014028637770897833 0.7548828125 0.015547902960526315 0.7509765625 0.015547902960526315 0.748046875 0.02021227384868421 0.7512457462323773 0.02297794117647059 0.7529168692270297 0.024187306501547982
2 0.73046875 0.17569130345394737 0.73046875 0.17258172286184212 0.7275390625 0.1679173519736842 0.7138671875 0.1679173519736842 0.7119140625 0.17102693256578946 0.7080078125 0.17102693256578946 0.70703125 0.17258172286184212 0.70703125 0.17569130345394737 0.7080078125 0.17724609375 0.7294921875 0.17724609375
2 0.65625 0.013993112664473685 0.658203125 0.010883532072368422 0.658203125 0.007773951480263158 0.65625 0.004664370888157895 0.6562955760816723 0.005079334365325074 0.6561436558094312 0.00507933436532508 0.65462445308702 0.004837461300309592 0.6537129314535731 0.005563080495356038 0.6517379679144385 0.004595588235294122 0.6494140625 0.003109580592105263 0.6474609375 0.003109580592105263 0.64453125 0.007773951480263158 0.64453125 0.013993112664473685 0.6455078125 0.015547902960526315 0.6552734375 0.015547902960526315
3 0.61328125 0.08551346628289473 0.615234375 0.08240388569078948 0.615234375 0.07618472450657894 0.6064453125 0.06219161184210526 0.6044921875 0.06219161184210526 0.6025390625 0.05908203125 0.5947265625 0.05908203125 0.5927734375 0.05597245065789474 0.5869140625 0.05597245065789474 0.5849609375 0.05908203125 0.5830078125 0.05908203125 0.58203125 0.060636821546052634 0.5849609375 0.06530119243421052 0.5908203125 0.06530119243421052 0.5927734375 0.06841077302631579 0.5966796875 0.06841077302631579 0.5986328125 0.07152035361842106 0.6005859375 0.07152035361842106 0.6044921875 0.07773951480263158 0.6083984375 0.07773951480263158 0.609375 0.07929430509868421 0.609375 0.08240388569078948 0.6123046875 0.08706825657894737
3 0.560546875 0.07929430509868421 0.564453125 0.07307514391447369 0.564453125 0.057527240953947366 0.5625 0.054417660361842105 0.5625 0.05130807976973684 0.5595703125 0.04664370888157895 0.5576171875 0.04664370888157895 0.5556640625 0.043534128289473686 0.5537109375 0.043534128289473686 0.5517578125 0.04664370888157895 0.5498046875 0.04664370888157895 0.546875 0.05130807976973684 0.5546875 0.0637464021381579 0.5546875 0.06685598273026316 0.556640625 0.06996556332236842 0.556640625 0.07307514391447369 0.55859375 0.07618472450657894 0.55859375 0.07929430509868421 0.5595703125 0.08084909539473684
3 0.5071098687408848 0.055630804953560375 0.512123237724842 0.052486455108359135 0.5163770053475936 0.05224458204334365 0.5189596499756928 0.05297020123839009 0.5195673310646572 0.056840170278637775 0.5182000486144871 0.06337074303405572 0.5151616431696646 0.06893382352941176 0.5142501215362179 0.06772445820433434 0.5140982012639767 0.06554760061919504 0.5142501215362179 0.06264512383900928 0.5140982012639767 0.059984520123838994 0.5113636363636365 0.05611455108359132 0.5086290714632961 0.05587267801857584
3 0.4837141468157511 0.0817530959752322 0.4925255226057365 0.0696594427244582 0.49662736995624696 0.07062693498452012 0.49921001458434616 0.07135255417956657 0.5054387457462324 0.07788312693498452 0.5090848322800194 0.0890092879256966 0.5072617890131259 0.0914280185758514 0.508477151191055 0.09553986068111454 0.508477151191055 0.09965170278637772 0.506198347107438 0.10497291021671826 0.5017926592124453 0.11295472136222912 0.49936193485658725 0.11609907120743035 0.49769081186193487 0.12045278637770895 0.4946524064171123 0.12142027863777088 0.49556392805055904 0.11803405572755415 0.4970831307729703 0.11537345201238391 0.4982984929508994 0.11222910216718264 0.49951385512882834 0.10981037151702784 0.5004253767622752 0.1069078947368421 0.49921001458434616 0.10086106811145511 0.49495624696159457 0.0865905572755418 0.4929812834224599 0.08586493808049535 0.4893351968886728 0.08417182662538698 0.484777588721439 0.08247871517027865
3 0.45743193971803603 0.0457140092879257 0.4587992221682061 0.04353715170278639 0.46047034516285856 0.042327786377708974 0.4619895478852698 0.04256965944272446 0.46335683033544 0.044020897832817346 0.46335683033543995 0.04764899380804953 0.4630529897909577 0.050551470588235295 0.4630529897909577 0.053937693498452004 0.4629010695187166 0.0553889318885449 0.46138186679630533 0.05151896284829721 0.46016650461837627 0.04789086687306501 0.4595588235294118 0.046681501547987614 0.4592549829849295 0.046681501547987614
3 0.43114973262032086 0.04256965944272446 0.432517015070491 0.0384578173374613 0.43388429752066116 0.0420859133126935 0.4350996596985902 0.04547213622291021 0.4357073407875547 0.04764899380804954 0.43585926105979583 0.04910023219814242 0.43449197860962563 0.04668150154798763 0.43236509479824986 0.043295278637770905
3 0.4241614000972291 0.10811726006191953 0.4271998055420516 0.10376354489164087 0.42887092853670405 0.10424729102167184 0.4302382109868741 0.10569852941176473 0.4316054934370443 0.1071497678018576 0.43327661643169674 0.1093266253869969 0.43525157997083136 0.11126160990712075 0.43631502187651927 0.11222910216718268 0.4352515799708314 0.11464783281733748 0.4303901312591153 0.11150348297213625 0.42826324744773947 0.10981037151702788 0.42993437044239186 0.10956849845201237 0.42659212445308714 0.10884287925696597 0.4259844433641226 0.108359133126935
2 0.5010330578512397 0.14488196594427247 0.5031599416626155 0.14415634674922603 0.5055906660184735 0.1443982198142415 0.5077175498298493 0.1419794891640867 0.5106040350024307 0.14004450464396287 0.5128828390860477 0.14125386996904024 0.5165289256198347 0.1427051083591331 0.5203269324258628 0.14439821981424147 0.5238210986874089 0.1468169504643963 0.5238210986874089 0.14851006191950464 0.5183519688867282 0.1540731424148607 0.5163770053475936 0.15625 0.5107559552746719 0.16737616099071206 0.5031599416626155 0.17729295665634676 0.501488818667963 0.17850232198142416 0.5066541079241614 0.1695530185758514 0.5092367525522605 0.16398993808049536 0.5106040350024307 0.1601199690402477 0.5113636363636364 0.15479876160990713 0.5107559552746719 0.14851006191950464 0.5089329120077783 0.14730069659442724 0.5065021876519203 0.14730069659442724 0.5048310646572679 0.14705882352941177
3 0.41170393777345654 0.013786764705882354 0.41504618376276137 0.006288699690402477 0.4180845892075839 0.006046826625386996 0.42385755955274673 0.012335526315789477 0.42324987846378226 0.01596362229102167 0.42264219737481773 0.02467105263157895 0.42188259601361205 0.027815402476780184 0.4209710743801653 0.02128482972136223 0.41960379192999514 0.01693111455108359 0.4180845892075839 0.016205495356037148 0.4162615459406903 0.014270510835913311 0.41413466212931455 0.013544891640866872 0.4132231404958678 0.013544891640866872
3 0.3571645600388916 0.0624032507739938 0.36020296548371417 0.05853328173374614 0.3615702479338843 0.05756578947368421 0.3652163344676714 0.054421439628482955 0.367191298006806 0.05248645510835912 0.37235658726300436 0.056114551083591334 0.3731161886242101 0.05950077399380804 0.3728123480797278 0.06337074303405572 0.37266042780748665 0.06482198142414859 0.3711412250850754 0.06458010835913312 0.3700777831793875 0.06143575851393188 0.3681028196402528 0.05925890092879256 0.3653682547399126 0.05780766253869968 0.36248176956733114 0.058533281733746126 0.3570126397666505 0.06046826625386997
3 0.6878949927078271 0.10448916408668732 0.6909333981526495 0.10134481424148606 0.6935160427807487 0.09989357585139319 0.6960986874088477 0.09868421052631579 0.6965544482255712 0.09940982972136223 0.696250607681089 0.1020704334365325 0.6945794846864366 0.10497291021671824 0.6951871657754011 0.10956849845201237 0.6971621293145358 0.11488970588235295 0.6959467671366066 0.11609907120743032 0.6932122022362663 0.11513157894736842 0.6918449197860963 0.1129547213622291 0.6907814778804083 0.10981037151702787 0.6898699562469616 0.1069078947368421 0.6892622751579971 0.10594040247678017
3 0.6222654350996597 0.14246323529411767 0.6257596013612057 0.14149574303405577 0.6260634419056879 0.14197948916408673 0.626215362177929 0.144156346749226 0.626215362177929 0.14584945820433437 0.6257596013612057 0.14875193498452013 0.6248480797277589 0.1504450464396285 0.6253038405444822 0.15455688854489166 0.6242403986387943 0.15697561919504643 0.6231769567331065 0.15455688854489164 0.6224173553719008 0.15213815789473684 0.6219615945551775 0.14851006191950464 0.6221135148274186 0.14633320433436534
3 0.7290653864851726 0.1693111455108359 0.7319518716577541 0.16979489164086686 0.7365094798249879 0.16761803405572753 0.7412190082644629 0.1649574303405573 0.7463842975206612 0.16398993808049536 0.7558033543996111 0.16278057275541796 0.7586898395721925 0.16350619195046442 0.7608167233835683 0.1659249226006192 0.7623359261059797 0.1685855263157895 0.7637032085561497 0.17318111455108362 0.7621840058337385 0.18043730650154802 0.7316480311132718 0.1794698142414861 0.730584589207584 0.1770510835913313 0.7295211473018959 0.17318111455108362
3 0.7779837141468158 0.12408088235294117 0.7836047642197375 0.12069465944272445 0.7881623723869714 0.11803405572755418 0.7956064657267866 0.11827592879256962 0.799556392805056 0.11803405572755415 0.801987117160914 0.12359713622291019 0.8012275157997083 0.12795085139318885 0.8010755955274672 0.13036958204334365 0.7987967914438503 0.1354489164086687 0.7963660670879922 0.13859326625386997 0.7931757413709285 0.1431888544891641 0.7904411764705882 0.14851006191950464 0.7872508507535245 0.1547987616099071 0.7857316480311133 0.15625 0.787858531842489 0.16036184210526316 0.7852758872143899 0.1647155572755418 0.7826932425862907 0.16423181114551086 0.779502916869227 0.15987809597523223 0.7769202722411279 0.15745936532507743 0.7775279533300925 0.15189628482972137 0.7778317938745747 0.14875193498452013 0.7772241127856102 0.14246323529411767 0.779350996596986 0.1373839009287926 0.7796548371414682 0.13036958204334367 0.7773760330578514 0.12698335913312694
3 0.7214693728731163 0.05877515479876161 0.7255712202236266 0.05635642414860681 0.7298249878463783 0.0541795665634675 0.7345345162858532 0.053212074303405583 0.7362056392805056 0.054905185758513934 0.7369652406417112 0.05659829721362229 0.7363575595527467 0.061193885448916414 0.7354460379193 0.06748258513931889 0.7337749149246475 0.07377128482972138 0.731951871657754 0.0766737616099071 0.7307365094798249 0.07715750773993807 0.7302807486631016 0.07232004643962849 0.7292173067574137 0.07014318885448917 0.7278500243072435 0.06506385448916409 0.7267865824015556 0.0636126160990712 0.7251154594069033 0.061193885448916414 0.7234443364122508 0.06022639318885449
3 0.6787797763733593 0.03942530959752322 0.6798432182790471 0.03869969040247678 0.6825777831793874 0.0384578173374613 0.6851604278074866 0.03700657894736842 0.6877430724355859 0.034345975232198137 0.6936679630529898 0.033862229102167185 0.697465969859018 0.03507159442724458 0.7002005347593584 0.03579721362229102 0.7049100631988333 0.0396671826625387 0.7044543023821099 0.0420859133126935 0.7026312591152164 0.0457140092879257 0.7006562955760817 0.05006772445820433 0.6979217306757414 0.06022639318885449 0.6954910063198834 0.06530572755417957 0.6936679630529898 0.06845007739938079 0.6913891589693728 0.06941756965944273 0.6895661157024794 0.06554760061919505 0.690325717063685 0.06046826625386997 0.6913891589693728 0.05659829721362229 0.6918449197860963 0.05272832817337462 0.6910853184248906 0.046681501547987614 0.6886545940690326 0.045714009287925704 0.6869834710743802 0.04353715170278639 0.6839450656295577 0.04402089783281734 0.6798432182790471 0.04402089783281734 0.678324015556636 0.04184404024767802
3 0.6227211959163831 0.008707430340557279 0.6245442391832765 0.006772445820433433 0.6266711229946526 0.006288699690402483 0.628494166261546 0.007498065015479893 0.6315325717063686 0.014512383900928794 0.6324440933398153 0.01765673374613004 0.6306210500729218 0.018866099071207426 0.6298614487117161 0.015963622291021665 0.6291018473505104 0.014270510835913314 0.6280384054448226 0.012819272445820434 0.6269749635391346 0.01209365325077399 0.6257596013612057 0.011609907120743036 0.6246961594555178 0.011609907120743036 0.623784637822071 0.011126160990712073
3 0.721165532328634 0.031443498452012386 0.7263308215848322 0.022252321981424152 0.7273942634905202 0.016689241486068106 0.7263308215848323 0.013061145510835908 0.7251154594069034 0.007256191950464388 0.7249635391346622 0.0024187306501547786 0.722380894506563 0 0.7093157510938259 0 0.7093157510938259 0.002902476780185754 0.7105311132717549 0.007256191950464394 0.7128099173553719 0.00967492260061919 0.7146329606222654 0.010158668730650154 0.7166079241614001 0.01402863777089783 0.7175194457948468 0.016205495356037145 0.7187348079727759 0.019591718266253867 0.7199501701507048 0.022010448916408663 0.7205578512396694 0.024912925696594423 0.7207097715119105 0.0275735294117647 0.7207097715119105 0.02902476780185758
3 0.6512822070977152 0.004111842105263158 0.6541686922702966 0.0009674922600619154 0.6562955760816723 0 0.6596378220709772 0 0.6607012639766651 0 0.6610051045211474 0.0004837461300309639 0.659485901798736 0.004595588235294116 0.6581186193485659 0.007739938080495349 0.657055177442878 0.0033862229102167222 0.6558398152649488 0.0036280959752321928 0.6537129314535731 0.005079334365325073 0.652345649003403 0.004353715170278639
3 0.6008446767136608 0.03628095975232198 0.6017561983471075 0.03386222910216718 0.6034273213417598 0.03313660990712074 0.6058580456976179 0.03313660990712073 0.6075291686922704 0.035071594427244585 0.6084406903257171 0.03652283281733746 0.6092002916869227 0.03869969040247677 0.6092002916869227 0.04087654798761609 0.6081368497812348 0.04377902476780186 0.6078330092367525 0.04353715170278638 0.6064657267865825 0.04015092879256966 0.6043388429752066 0.03918343653250773 0.6017561983471075 0.038215944272445825
3 0.7573225571220223 0.014028637770897835 0.7600571220223626 0.011368034055727552 0.761576324744774 0.011609907120743028 0.7615763247447739 0.01765673374613003 0.7623359261059797 0.018624226006191943 0.7617282450170151 0.019833591331269357 0.7597532814778805 0.01717298761609908 0.7589936801166748 0.015479876160990719
3 0.8211290714632961 0.09408862229102168 0.8241674769081185 0.09142801857585141 0.8267501215362177 0.09166989164086688 0.828117403986388 0.09408862229102168 0.8267501215362177 0.09795859133126934 0.8272058823529412 0.10158668730650156 0.8259905201750121 0.102312306501548 0.8244713174526009 0.09965170278637772 0.8214329120077783 0.09602360681114552
3 0.543831168831169 0.0005874060150376007 0.5440156434474617 0.0008811090225563893 0.5453069657615113 0.0052866541353383594 0.5451224911452184 0.007048872180451149 0.5477051357733176 0.008517387218045116 0.5486275088547817 0.008517387218045116 0.5477051357733176 0.005874060150375948 0.5473361865407321 0.0032307330827067685 0.5486275088547817 0.00029370300751880034