0 0.168519806002686 0.18906646443985464 0.17132046540614787 0.17852309094512897 0.17499497136869072 0.17705987815289043 0.2340934352395054 0.06097804778127456 0.2705323600141958 0 0 0 0 1 1 1 1 0 0.8286262150361446 0 0.8574099229491939 0.03922939879974763 0.8794570288102684 0.0631286092940968 0.8984420152199717 0.0801995058285065 0.9217139408272677 0.12019405703747922 0.9792813566533662 0.17969818036408564 0.7912064426537632 0.17836156003003872 0.5498839528893215 0.1807364960217409 0.39672359184774914 0.18408783734656123 0.3973360017208599 0.14458099892732126 0.39427390563142783 0.13385075938039884 0.3532418133606502 0.1348262221713844 0.348954885844027 0.1411668419473514 0.34803624767242175 0.14750742451179827 0.3452803682005146 0.14848292451430406 0.34497415158298966 0.14555646171830683 0.3348692368240577 0.14555646171830683 0.3367065014862987 0.1372649163603686 0.33456303188750236 0.12555917681094042 0.34038100744884153 0.1265346768134462 0.35691634268513217 0.09824580933662137 0.2718808367596599 0.09629484654312996 0.2532020552865121 0.11921861285225377 0.2532020552865121 0.12360821401744904 0.24860891115236394 0.14311776752932265 0.24309712884661056 0.14458099892732126 0.24309712884661056 0.13970361054935285 0.23605431017711068 0.12994883379341604 0.23482946706895 0.18818056295309496
1 0.16826541189973662 0.19059209334581198 0.17032029581419442 0.18282439311015403 0.16990123321494335 0.1788193776269246 0.17493004835080908 0.17681684442204243 0.2063602228810374 0.11073393616915295 0.2361141470142616 0.058001088014783896 0.2625154744361971 0.013166947980569119 0.2692205719414938 0.00024113647100168647 0.8287410214974493 0.00024113647100168647 0.8534661304948077 0.03652959771369795 0.8765149251503086 0.06055976700287656 0.8940060074386823 0.07724107266931841 0.9056419819232999 0.09431193199220783 0.9185027761541389 0.11821114248655705 0.9789093131918368 0.17999655823466768 0.8639974564174724 0.1791784972111621 0.7049224914216621 0.17966622860665493 0.6638904225128237 0.18161719140014632 0.6412309301405776 0.1791784972111621 0.5086421367614539 0.18161719140014632 0.39621045806176336 0.1845436169846233 0.3971290962333687 0.14308581577189186 0.3952918432520972 0.13625746460043206 0.39314836197233133 0.13430653901846085 0.3530349078731589 0.13479427041395367 0.3478293538659001 0.1416226215854135 0.34721692063085013 0.14845093554535305 0.3456858725861341 0.1474754727543675 0.3438486196048627 0.14503677856538327 0.3349685362731218 0.1465000099633819 0.3358871744447271 0.13625746460043206 0.3346623313365665 0.12650268784449525 0.34017411364231986 0.12552722505350963 0.35119765489188753 0.10943182852160582 0.35640320889914634 0.09967705176566902 0.356097003962591 0.09723835757668482 0.27127695163009813 0.09675062618119201 0.25229195353942535 0.12064983667554124 0.25259815847598066 0.12601495644900243 0.2476988094052772 0.14357354716738466 0.24218702709952383 0.14454904716989048 0.24249324371704878 0.13918392739642926 0.23514420843002393 0.12942915064049246 0.23462381342609376 0.18804134788445967
1 0.3319863215781251 0.14396356845617167 0.25539596595202185 0.1417117589251443 0.2544773511423557 0.1368343705471759 0.25723321893329326 0.13585888915043018 0.25784565216834315 0.13390792635693877 0.25784565216834315 0.12854280658347753 0.2553959659520218 0.12659184378998614 0.33286700635942906 0.12805507518798476 0.33378562116909516 0.13488340775368446
1 0.24317079086734789 0.14944905580553852 0.24345378653084893 0.17585347757092307 0.24957797870971307 0.1724393391967134 0.24774072572844166 0.14854009149084396
1 0.25580403445982913 0.17017200801425775 0.26458225422031806 0.1582948682467807 0.2679505552463055 0.15341747986881235 0.2768306385780464 0.14756462869985837 0.25539596595202185 0.14756462869985837 0.25600839918707174 0.1724393391967134
1 0.30745159947236717 0.14805236009535125 0.32031241706514535 0.16170904383251067 0.3307235250796631 0.1826818101366228 0.3310297533781576 0.15000332288884258
2 0.3760345536330592 0.07843526986933987 0.3836614682630606 0.0786509226646177 0.3872545293186249 0.07641142385459204 0.38584855097839665 0.0731765996229461 0.37616286149454403 0.06994177539130018 0.3699140264936825 0.0597396352394437 0.36397762847538123 0.056007143550879046 0.35726012608197233 0.06446745234962858 0.3530421672238736 0.0664581126850863 0.34413758211512874 0.07193243572675789 0.3430440288387538 0.07541609843297181 0.35257349983132624 0.078153255207699
3 0.34283210580832296 0.07283813895894702 0.33898228847193523 0.08337874926701984 0.3377325167042801 0.08586707705939624 0.3382011840968275 0.09009722671266242 0.33632652644534494 0.09159022908341863 0.33507676659639674 0.09606921721125276 0.34382514513256845 0.09681571365052224 0.35069885409855056 0.0908437326441491 0.3652274002430363 0.08337874926701982 0.3764752984771043 0.07840209368226694 0.35257349983132624 0.0786509226646177 0.3430440288387538 0.07591376588989052
2 0.38323447277482753 0.00004629026271925133 0.38113089148491264 0.004218523454946798 0.3829913657549883 0.01236791647118473 0.39357282148302 0.018294756747964776 0.3984565675508988 0.018109535482397937 0.39996820788552095 0.014775694008876478 0.4036891564256724 0.01588697567760598 0.4078752346226441 0.01588697567760598 0.40950314406430965 0.014034840740612495 0.41020082967809895 0.008663646597197754 0.40845663338650784 0.0034776701866828137 0.40496824080332544 0
3 0.38090849158713797 0.031060647974231248 0.3683401186799106 0.03737174165326382 0.3613633335135459 0.03829780912176056 0.35775865408043794 0.03607524578430157 0.3556656238533932 0.03607524578430157 0.35717725531657424 0.03866823752222607 0.350084192171725 0.03681610258523259 0.345084163689641 0.03737174165326381 0.3445027649257773 0.03663088485233279 0.3505493129571042 0.03144490844181785 0.38275880092657816 0.012182705803619015 0.3936890994615045 0.01847996388286345
3 0.41857296832916024 0.032926614978345814 0.41241013788362824 0.04089079379435099 0.40508451878180995 0.0412612221948165 0.40403799923256706 0.04237250739621304 0.39624725934536953 0.04403942460030672 0.39264257991226154 0.04385421393274102 0.3924100239552925 0.04329857486470979 0.3968286581092333 0.03718652392036403 0.3982240115939298 0.03551960671627033 0.40136356137021745 0.03496396764823911 0.4056659175456737 0.028851920236560382 0.41054966361355255 0.02829627763586211 0.41380550023976587 0.029777984172390082
2 0.4186927195598537 0.031259476416473087 0.42158032239189697 0.03178825801419681 0.42249126400272036 0.02511378851960305 0.4223090645606629 0.02279223535670592 0.4223090645606629 0.018149134565931 0.4144749611476356 0.010894274013103278 0.4088271259405038 0.01901970454822391 0.40627650055009107 0.023662816409037505 0.40645868609228264 0.028596123798968098 0.41046682361995906 0.028305939339889796
2 0.4343312437980691 0.058428352168603453 0.4344723079201823 0.0555075445007678 0.4326385819495251 0.053710130331078264 0.4358828630478629 0.05303610108878802 0.4356007455653179 0.049665946306590096 0.430663802618436 0.04404902166959355 0.42981747169416396 0.04629579152439217 0.42826586320605176 0.05146336047627965 0.427842692363075 0.05348545677389714 0.42516263546814564 0.05573222662869577
3 0.4250355523023999 0.056209281297589196 0.42205941849192113 0.055507544500767815 0.4205078100038088 0.056406255870985994 0.42220047185235277 0.05932705496807483 0.42220047185235277 0.06045043989547414 0.4195204149574235 0.06516866173299936 0.4188151373935833 0.06786477870216026 0.41937936159699185 0.06876350721387203 0.42332892025916996 0.0669660759026889 0.4247394753868505 0.0644946239199623 0.42911219413032375 0.06269720975027276 0.43165119766482135 0.061573824822873456 0.4340491370772056 0.059551737096002776 0.43419019043763735 0.05820367004067551
2 0.4470791355906872 0.05396315617937214 0.4533777194688438 0.04926688007484293 0.4573272781310219 0.04657075453493522 0.4615589435140635 0.04926688007484294 0.4642390004089928 0.05825395949403746 0.4632516053626075 0.06117475859112628 0.4477354989581217 0.05825395949403743
2 0.42244481982071336 0.1069540988272835 0.41986870441761415 0.11187806318429662 0.4202121812302405 0.11516070956738711 0.4181512941488814 0.12117888242860028 0.4269100838988585 0.12555574775113598 0.43274928143311 0.1271970657250586 0.4330927582457363 0.12528218779865208 0.4382449890519346 0.12528218779865208 0.4396189225080411 0.12336732030749069 0.43979067401715477 0.12063178339412284 0.43669933029231556 0.11707558749379364 0.4337797249737895 0.11516070956738711 0.430860132758064 0.11379294111070316 0.4291427224893313 0.111330953714574
3 0.4309697770638637 0.12620880134245024 0.4320623147050568 0.12993261307367165 0.4239904916831329 0.1343094679609622 0.42261655822702654 0.13157393104759435 0.4183230325551945 0.13595078593488488 0.4095642428052174 0.14196896923134317 0.4054424555396987 0.143610297640511 0.4078468325364847 0.1351301269479235 0.40956424280521747 0.13266814998703955 0.4133425401553094 0.12856484461698772 0.41196861980200344 0.12418797929445204 0.4143729836959889 0.11953756445467761 0.4184947709615077 0.12145244238108419
3 0.4481467312685411 0.05784000335672762 0.44459940180512575 0.0601764165651684 0.44786249703907866 0.06427973237046539 0.45061033774569054 0.0681094725704107 0.4528429763361632 0.06619459986162675 0.45541909173926237 0.06592104512676544 0.4603995972419481 0.0645532766700815 0.46314743794855995 0.06127063028699103
2 0.4569499202984383 0.12518326937266439 0.4571046494044136 0.11570781903710972 0.4706721931479626 0.0930028647432054 0.47805706254463376 0.08233426660697266 0.4892202292913968 0.08452269405061792 0.4964333471789542 0.08999376787735365 0.4990094625820534 0.09765326914773466 0.4988377241757403 0.10038880606110252 0.5007268728507862 0.10449211143115433 0.4960898703663279 0.11488716005014837 0.4945441985039083 0.12227310136804548 0.4911093779664427 0.13376235849123957 0.45658943418547404 0.1263764067380973
3 0.4569499202984383 0.12689248932230746 0.4466284493857036 0.1455251651316724 0.4438805955762914 0.1605706181551957 0.4438805955762914 0.174248302722035 0.4461132341667641 0.18272847341462253 0.45607420586373393 0.18218137438014512 0.4586503212668332 0.1737012036875576 0.4727330933321222 0.1685037002485509 0.47170263668864215 0.16604169198193142 0.4734200469573749 0.16084417810767956 0.4868158522946108 0.1501755799714468 0.49076590115381635 0.14306318817078842 0.4907659011538164 0.13321524902151696
2 0.5117014618258475 0.1508215686173104 0.5100009040253038 0.16029708950844732 0.5010703627662131 0.17643673016568026 0.4842397368915117 0.1695978983175058 0.4863006239728708 0.16576816333518307 0.486987590700924 0.15701442225486648 0.48939196769771004 0.1501755799714468 0.4964333471789543 0.14771360301056283 0.5012421011725263 0.14470450614471106 0.5070812856039774 0.14880781151476286
3 0.4848624708810391 0.16996483205331273 0.4763396522759009 0.18081360592346118 0.5014138395788393 0.1816342544751773 0.5034747397629991 0.17780449862236422 0.500555134444473 0.17643673016568026 0.4847549652132516 0.16987146870523487
2 0.5139083939880661 0.06961814222151615 0.4981082116540442 0.0712594601954388 0.4975929964351047 0.06852392328207094 0.500340850244517 0.06496773781698692 0.5020582605132498 0.0597702082898673 0.5106453249597143 0.056761127076883314 0.5145953476133187 0.06086443244693511
3 0.5134191572463154 0.0704882309840863 0.5106453249597143 0.07645697928731322 0.5075539812348749 0.0759098802528358 0.5087561631818677 0.07946607615316499 0.504634375916349 0.08274872253625548 0.496047324572685 0.08192805311404898 0.4969060297070514 0.07645697928731324 0.49862343997578423 0.07153301493030012
2 0.5568823398277695 0.08623841487223975 0.5580153860918361 0.08443366854206043 0.5575297877790771 0.08005069209348947 0.558177260428941 0.07592553373919278 0.5552636952509439 0.06458136547635408 0.5497603012198816 0.05529977639066373 0.5406958817102364 0.05426848926087202 0.5343831777400394 0.06174532709881811 0.5314696125620424 0.06922216493676418 0.5308221522614565 0.07463642851512683 0.5313077505742154 0.07747247181022773 0.5340594414151075 0.08262891237675123
3 0.5304369488400498 0.07771103530522912 0.5267755408193927 0.09680912393469084 0.5267755408193928 0.11202061770485723 0.5272611391321517 0.11640359415342816 0.5411814800229953 0.11923964236609401 0.5554255448894927 0.09809823407632172 0.5575297877790771 0.09319961160407246 0.5563967415150105 0.0867540608959181 0.5337357174394536 0.08262891237675124
2 0.5638425164478303 0.09809823407632172 0.5625475958466586 0.08572277868369131 0.5636806421107253 0.07669900769227518 0.5703170947551323 0.06509702133516228 0.5753348781241576 0.06406572437024069 0.583751824983939 0.06483918848819324 0.5916831982295175 0.0679330547951333 0.6056035267710831 0.07747247181022773 0.6083552423105314 0.08005069209348949 0.6109450588143185 0.08314455840042956 0.609650138213147 0.08778535294327473 0.6057654011081882 0.09371525762775078 0.5989670988252324 0.09887169819427426 0.5803526861917391 0.10299684671344111 0.5674035295771351 0.10351249273711943
3 0.5634223079369931 0.09736432360798497 0.5617382735582459 0.11047368946895211 0.5593103066930076 0.12207568074362997 0.5585009844045948 0.12774776733383178 0.5596340306686616 0.13316202599462953 0.5643280900620331 0.13574024627789125 0.5651374123504458 0.1396075767027839 0.5748492798113988 0.13934975860850965 0.5835899753453901 0.13135726982932033 0.5971865799113018 0.12181786264935575 0.6009094673777118 0.11098933549263046 0.6127255777282491 0.10712200506773782 0.6104594605015596 0.10119210038326176 0.609650138213147 0.09784040614691762 0.6059272754452931 0.0944887217457033 0.5991289484637813 0.09861388010000002 0.5822950547442185 0.10273902861916688 0.5667560569272713 0.10273902861916688 0.5636806421107253 0.09835605217059594
2 0.5919556553766803 0.0496809355947413 0.5922614793090563 0.046289687708781314 0.5988979196041853 0.036750280528816764 0.6019733467700092 0.03597680657573435 0.6053724979114872 0.03855502685899609 0.606019958212073 0.04087542904798361 0.6074767284517936 0.043195831236971134 0.6079623267645523 0.050672664157352276 0.5942038478615357 0.05093049208675637
3 0.5919556553766803 0.05032530570302838 0.5933945255731229 0.053250884440614016 0.5943657098493625 0.05531345870019746 0.605696221887141 0.05608693265327985 0.6087716490529651 0.050930492086756374
2 0.6172511761565449 0.026161426642262998 0.6163792736243336 0.020507489793728805 0.6150843653724402 0.01535104922720531 0.6168648719370926 0.012257192755395104 0.6199402991029168 0.01045243167252098 0.6244725088577393 0.011741536896586916 0.6299758905395234 0.014061939085574439 0.6296521665638697 0.01999185360518035 0.6260911534345648 0.023859184030072964 0.6215589436797422 0.025921748454526522
3 0.6295953902971189 0.02100646577596639 0.6290047186125618 0.029015619679031504 0.6262530030731136 0.029531255867579976 0.6260911534345648 0.03133601203288918 0.6238250485571534 0.03494552436350756 0.618969114826677 0.03546117038718589 0.6168648719370925 0.02875779174962742 0.6168648719370926 0.026695217490043992 0.621882667655396 0.025921748454526508 0.6260911534345648 0.024116997206782242
2 0.6113826153356163 0.15439107819139122 0.6155754607741807 0.14578902059069979 0.6238305579954131 0.14578902059069979 0.6233449596826542 0.14991416910986663 0.6215644531180018 0.1542971455584376
3 0.6113826153356163 0.15310233797481707 0.6102339410802232 0.15481279158211592 0.6131474939089424 0.16125834229027025 0.6183271639643508 0.16615695492738966 0.6238305579954131 0.16254745243190113 0.624154281971067 0.15842229407760441 0.6235068216704812 0.15455496365271182
2 0.6829581646325233 0.12040445659237138 0.6790062413805945 0.11929700301415438 0.6780019394199361 0.1100989611598087 0.6881847033502831 0.10233193855608434 0.6901925749142154 0.10918519840815492 0.6932427716867364 0.11559475048282343
3 0.6934912218365342 0.11512468679420122 0.6993714085336061 0.13065874071602046 0.6962161786639925 0.1322578364243777 0.6979372161225146 0.13842577203411532 0.6919136014307176 0.1379688863011032 0.6878978692448726 0.13317160789040203 0.6834518749588924 0.13043030220669966 0.6818742545530757 0.12631834803833142 0.6762809129034341 0.12037885093791459 0.6785756185727767 0.11877976394392788 0.6824479337059164 0.12106418389461808
2 0.6618462471802082 0.06885549717864543 0.6607223572953966 0.06608799496942196 0.6608657852901216 0.06174759357736239 0.659288164884305 0.05969162085036356 0.661152619395532 0.052838360998292956 0.6610092023428268 0.051010818066244384 0.6630170739067591 0.04758418814020906 0.6687538435511259 0.04484289117087727 0.6736300889952218 0.04073092828813848 0.6797971207397239 0.042330023996495714 0.6818049923036562 0.043472233971840815 0.6842431150257042 0.04210158548717493 0.685964152484226 0.042330023996495714 0.6886891093116845 0.04552821541321022 0.6921311732867085 0.049640169581578464 0.6915574941338679 0.0569503151666612 0.6911272429757522 0.05946317362667221 0.6911272429757522 0.06448889926106473 0.6905552065987474 0.06742405620143681 0.6881142777485673 0.07080046414055594 0.6625868118066237 0.06951462489545727
3 0.6618462471802082 0.06857002662739813 0.6643078383231259 0.08207893462425338 0.6706182871203332 0.09441480584372863 0.675637960559154 0.09966896127307143 0.6892627884645252 0.1012680656957992 0.7020271031116451 0.09944052276375062 0.7057560011920795 0.0987552072357882 0.7086243860142628 0.09601389283771534 0.7058994182447846 0.09555701581907373 0.7051823220392388 0.09441480584372863 0.70632968034492 0.09281570142100085 0.7007363277532584 0.08390648627067247 0.694282461903346 0.06997151062846942 0.690840397928322 0.06723020494476707 0.6876851790007281 0.07065683487080236
2 0.6690710749479472 0.02868580214409572 0.6711040814268889 0.02749990796634867 0.6726179081004489 0.021954003688441113 0.6730720607223493 0.01978386743183035 0.6773107800281497 0.016408094811413358 0.6810953467120497 0.015202463046727366 0.680943954805029 0.012067831496432223 0.6868478811418294 0.01158556775266934 0.6895727737740698 0.010379935987983339 0.6938114815302893 0.007004167966686564 0.6997154078670894 0.005798536202000572 0.7048624208671097 0.0016993909615402563 0.7086469875510099 0.001217145614258175 0.7198493072452703 0.018578235667144345 0.7206062205820501 0.02026611737823263 0.7195465349808096 0.02894667160291611 0.7198493072452701 0.034010321335301165 0.69850435345799 0.03714496208383672 0.6718609947636688 0.033528066789778696
3 0.6722884907470611 0.03350694532295382 0.6748886481107889 0.0383505938485227 0.6773107800281497 0.040520734704253686 0.6820036404062696 0.04317312090726675 0.6848799133959499 0.0417263664689397 0.6886644800798499 0.04582551630852018 0.6929031878360694 0.04630776165580227 0.6956280804683098 0.04751339342048829 0.7004723212038695 0.046790016201324766 0.7103121945820097 0.0511302887145463 0.7151564468671503 0.04992465694986029 0.7209089812969298 0.05257705235111375 0.7313543876544102 0.0535415522439183 0.7324140617060698 0.051853675131950216 0.7316571483692897 0.04510212989111626 0.7246935479808299 0.036662707538314236 0.7216658946337098 0.033045812244256206 0.7193951546233698 0.034010321335301186 0.6982015811935295 0.03714496208383672
2 0.7057874670084244 0.07207609075381863 0.7072845412348896 0.07596631042567033 0.7227255802349504 0.07885981930232443 0.7299919413382899 0.07644855577295241 0.7301433216957297 0.07210828325973087 0.7263587550118297 0.062463229142242824 0.7215145142762699 0.05908746572006626 0.7127343149497894 0.06439223812609236 0.7101608142245698 0.06366886090692883
3 0.7067337657728697 0.0756919481379622 0.7091011401729103 0.08175333737721892 0.7134912282865695 0.08922825983721638 0.7156105879394697 0.08729924165512647 0.7198493072452701 0.08898712796533496 0.7209089812969298 0.08922825983721638 0.7260559942969501 0.09622091855345101 0.7401345754313098 0.10200795470323998 0.7417997940118906 0.10200795470323998 0.7421025547267701 0.10032007759127187 0.7405887280532101 0.09694429577261451 0.7354417150531899 0.08464687384859419 0.7321113009911902 0.08320010101378636 0.7325654536130906 0.08102997855453618 0.7327168339705303 0.07837757395504234 0.7313543876544101 0.07717194219035632 0.7296891806234103 0.07644855577295241 0.7225741883279296 0.07885981930232443
2 0.8138311213482894 0.0981239843885597 0.8117117732449702 0.10246425690178125 0.8126200553896091 0.10535777497667576 0.8189781458978906 0.10873355219621289 0.8230654732966703 0.107045656687764 0.8244279080632095 0.10198200695537897 0.8212488859082306 0.09547160278466685 0.8177670799392103 0.09354258460257692
3 0.816125902942745 0.1082346645952544 0.8174643192243305 0.11162706107286699 0.8250334525921308 0.117655219896297 0.8319970414310096 0.12296000150056352 0.8332081073896901 0.12054873797119152 0.8357816081149096 0.117655219896297 0.8336622600115905 0.11524395636692499 0.8350246947781297 0.11331494738307549 0.8350246947781297 0.11018030203541974 0.8339650207264702 0.10728679315876564 0.8313915200012505 0.10969805668813763 0.8262444954516491 0.10584002492307801 0.8242765392553507 0.10222312962902001 0.8217030154309691 0.10728679315876564
2 0.7425103305785123 0.15693530701754388 0.7394972451790633 0.15145285087719298 0.7339015151515151 0.14939692982456143 0.7282932535290085 0.1456345224070032 0.7344999405806883 0.14081199534825917 0.7419176935910488 0.1369539773805601 0.7469133262336292 0.1364717412315184 0.7508492732749691 0.13381933663202458 0.7561476666324292 0.13357820476014315 0.7646250936944491 0.1261032914983861 0.7679555077564487 0.1280323004822356 0.7694693344300089 0.12779117780859453 0.7717400744403489 0.1292379322469216 0.7755246411242489 0.12899680957328055 0.7773412516118504 0.1309258185571301 0.780823034481709 0.13430158197930667 0.77991475233707 0.1393652409099321 0.77688709898995 0.14659903149804815 0.7787036863783897 0.14852805887837847 0.7777953811345889 0.1533505859371225 0.7773412516118504 0.1591375944921903 0.77310253230605 0.16347787620365226
3 0.7775169133533772 0.15825402507590722 0.7820341004403893 0.16106661267428024 0.7865755804610693 0.16564801705938317 0.7879380383267705 0.16974715770072332 0.7893004730933099 0.1760164391977944 0.7905115390519902 0.17818658005352533 0.7513034258968694 0.1798744755619742 0.7488812939795086 0.17360517566842237 0.744037053243949 0.1702294214444862 0.7401011062026092 0.1673358941713513 0.7410093998968289 0.1644423852946972 0.7466105539691686 0.16468350796833825 0.77310253230605 0.1639601215509343
2 0.7499541522845635 0.0217525267799463 0.7484038109532818 0.01907834080056534 0.7562317217201874 0.013210808121255892 0.7588410331159844 0.015900104618869454 0.7622177752632009 0.019811785299914488 0.7608363764901604 0.02054522513616688
3 0.7502456798874166 0.021767627971985393 0.7517805648107408 0.023234521633780453 0.7553107931082413 0.02445692446959894 0.7568456780315657 0.028124132977054447 0.7635991740362411 0.030324447822714883 0.7677433586451199 0.03130237382184708 0.7677433586451199 0.028124132977054447 0.7648270866589977 0.024701396643188496 0.7614503328015386 0.020789715962143438